chr13	9179795	9180244	0
chr13	9180245	9181109	0
chr13	9181110	9181530	0
chr13	9181531	9182106	0
chr13	9182107	9183015	0
chr13	9183016	9183081	0
chr13	9183082	9183245	0
chr13	9183246	9183269	0
chr13	9183270	9183360	0
chr13	9183361	9183427	0
chr13	9183428	9183519	0
chr13	9183520	9184240	7
chr13	9184241	9184547	72
chr13	9184548	9184646	201
chr13	9184647	9185384	556
chr13	9185385	9186143	3
chr13	9186144	9186422	0
chr13	9186423	9186434	0
chr13	9186435	9186590	0
chr13	9186591	9186713	0
chr13	9186714	9188079	8
chr13	9188080	9188964	0
chr13	9188965	9190078	0
chr13	9190079	9190122	0
chr13	9190123	9190172	0
chr13	9190173	9190230	0
chr13	9190231	9190997	2
chr13	9190998	9191016	0
chr13	9191017	9191189	0
chr13	9191190	9191226	0
chr13	9191227	9191357	0
chr13	9191358	9191702	0
chr13	9191703	9191829	0
chr13	9191830	9192153	0
chr13	9192154	9192469	0
chr13	9192470	9192654	0
chr13	9192655	9193130	0
chr13	9193131	9193413	3
chr13	9193414	9193751	6
chr13	9193752	9193889	1
chr13	9193890	9193906	0
chr13	9193907	9193958	0
chr13	9193959	9194067	0
chr13	9194068	9194232	0
chr13	9194233	9194312	0
chr13	9194313	9194766	0
chr13	9194767	9194829	0
chr13	9194830	9195107	0
chr13	9195108	9195801	2
chr13	9195802	9195819	2
chr13	9195820	9195994	6
chr13	9195995	9197337	5
chr13	9197338	9197460	0
chr13	9197461	9197894	0
chr13	9197895	9198480	1
chr13	9198481	9198487	0
chr13	9198488	9198502	0
chr13	9198503	9198592	0
chr13	9198593	9198613	0
chr13	9198614	9198737	0
chr13	9198738	9200821	0
chr13	9200822	9200908	0
chr13	9200909	9201537	3
chr13	9201538	9202346	5
chr13	9202347	9202955	0
chr13	9202956	9203209	0
chr13	9203210	9204219	1
chr13	9204220	9204516	0
chr13	9204517	9207177	366
chr13	9207178	9207274	21
chr13	9207275	9207347	13
chr13	9207348	9208683	685
chr13	9208684	9208916	12
chr13	9208917	9209651	2
chr13	9209652	9209831	1
chr13	9209832	9210059	7
chr13	9210060	9211075	4
chr13	9211076	9211846	0
chr13	9211847	9212677	0
chr13	9212678	9213576	1
chr13	9213577	9213873	4
chr13	9213874	9214770	1
chr13	9214771	9214868	0
chr13	9214869	9215031	0
chr13	9215032	9215171	0
chr13	9215172	9216317	1
chr13	9216318	9216502	0
chr13	9216503	9216511	0
chr13	9216512	9216614	1
chr13	9216615	9216781	0
chr13	9216782	9217014	0
chr13	9217015	9218063	2
chr13	9218064	9218248	0
chr13	9218249	9218715	2
chr13	9218716	9218730	0
chr13	9218731	9218741	0
chr13	9218742	9218773	0
chr13	9218774	9218782	0
chr13	9218783	9219361	0
chr13	9219362	9220243	1
chr13	9220244	9220318	0
chr13	9220319	9220637	0
chr13	9220638	9221285	0
chr13	9221286	9221542	0
chr13	9221543	9221707	0
chr13	9221708	9221864	2
chr13	9221865	9222220	0
chr13	9222221	9222524	1
chr13	9222525	9222593	0
chr13	9222594	9223130	6
chr13	9223131	9223637	0
chr13	9223638	9224208	0
chr13	9224209	9224610	0
chr13	9224611	9224906	0
chr13	9224907	9225338	0
chr13	9225339	9225756	0
chr13	9225757	9226589	0
chr13	9226590	9227186	0
chr13	9227187	9227313	0
chr13	9227314	9227339	0
chr13	9227340	9227389	0
chr13	9227390	9227415	3
chr13	9227416	9227550	3
chr13	9227551	9230187	6
chr13	9230188	9230255	0
chr13	9230256	9230261	0
chr13	9230262	9230457	0
chr13	9230458	9230461	0
chr13	9230462	9230507	0
chr13	9230508	9230754	2
chr13	9230755	9230892	0
chr13	9230893	9231747	0
chr13	9231748	9231940	1
chr13	9231941	9232008	0
chr13	9232009	9232694	1
chr13	9232695	9233347	0
chr13	9233348	9233561	1
chr13	9233562	9234349	3
chr13	9234350	9234688	0
chr13	9234689	9234867	0
chr13	9234868	9234972	0
chr13	9234973	9235242	4
chr13	9235243	9236443	0
chr13	9236444	9237722	5
chr13	9237723	9237928	2
chr13	9237929	9238525	2
chr13	9238526	9239585	4
chr13	9239586	9240940	1909
chr13	9240941	9242328	89
chr13	9242329	9242663	0
chr13	9242664	9243079	0
chr13	9243080	9243257	0
chr13	9243258	9243431	0
chr13	9243432	9244540	2
chr13	9244541	9245333	5
chr13	9245334	9245645	2
chr13	9245646	9246612	1
chr13	9246613	9247674	1
chr13	9247675	9247742	0
chr13	9247743	9247787	0
chr13	9247788	9248410	1
chr13	9248411	9248523	0
chr13	9248524	9248591	0
chr13	9248592	9248616	0
chr13	9248617	9249556	5
chr13	9249557	9249584	1
chr13	9249585	9249630	1
chr13	9249631	9249847	0
chr13	9249848	9249854	0
chr13	9249855	9249934	0
chr13	9249935	9250014	2
chr13	9250015	9250986	0
chr13	9250987	9251966	15
chr13	9251967	9252570	4
chr13	9252571	9252651	0
chr13	9252652	9252825	0
chr13	9252826	9253519	1
chr13	9253520	9253746	2
chr13	9253747	9253961	0
chr13	9253962	9254898	0
chr13	9254899	9255358	1
chr13	9255359	9255412	0
chr13	9255413	9255985	2
chr13	9255986	9255998	0
chr13	9255999	9256918	0
chr13	9256919	9256957	0
chr13	9256958	9257377	0
chr13	9257378	9257759	11
chr13	9257760	9257890	6
chr13	9257891	9258592	4
chr13	9258593	9258666	0
chr13	9258667	9258838	0
chr13	9258839	9259212	3
chr13	9259213	9259397	3
chr13	9259398	9259646	0
chr13	9259647	9259653	0
chr13	9259654	9259796	2
chr13	9259797	9259920	0
chr13	9259921	9260810	5
chr13	9260811	9260999	8
chr13	9261000	9262341	459
chr13	9262342	9262574	17
chr13	9262575	9263990	4
chr13	9263991	9265722	1
chr13	9265723	9265831	0
chr13	9265832	9266158	0
chr13	9266159	9266369	0
chr13	9266370	9266596	0
chr13	9266597	9266773	0
chr13	9266774	9267111	0
chr13	9267112	9267510	1
chr13	9267511	9268717	0
chr13	9268718	9269034	0
chr13	9269035	9269325	0
chr13	9269326	9269388	0
chr13	9269389	9269987	2
chr13	9269988	9270113	0
chr13	9270114	9270446	0
chr13	9270447	9271672	0
chr13	9271673	9271704	0
chr13	9271705	9271745	0
chr13	9271746	9271760	0
chr13	9271761	9271903	2
chr13	9271904	9272078	0
chr13	9272079	9272722	0
chr13	9272723	9272748	0
chr13	9272749	9273502	1
chr13	9273503	9275015	2
chr13	9275016	9275601	1
chr13	9275602	9275918	0
chr13	9275919	9276756	2
chr13	9276757	9277507	0
chr13	9277508	9277776	0
chr13	9277777	9278478	0
chr13	9278479	9278482	0
chr13	9278483	9278582	0
chr13	9278583	9278623	0
chr13	9278624	9278763	0
chr13	9278764	9278855	0
chr13	9278856	9279275	1
chr13	9279276	9279451	0
chr13	9279452	9280125	0
chr13	9280126	9281240	0
chr13	9281241	9282246	1
chr13	9282247	9283554	0
chr13	9283555	9286216	0
chr13	9286217	9286608	2
chr13	9286609	9287283	0
chr13	9287284	9287568	0
chr13	9287569	9288080	1
chr13	9288081	9288367	0
chr13	9288368	9288452	0
chr13	9288453	9289096	0
chr13	9289097	9289934	4
chr13	9289935	9290376	0
chr13	9290377	9291113	2
chr13	9291114	9291783	0
chr13	9291784	9292287	1
chr13	9292288	9292429	0
chr13	9292430	9292638	0
chr13	9292639	9293849	3
chr13	9293850	9294434	0
chr13	9294435	9294569	1
chr13	9294570	9294805	0
chr13	9294806	9295081	2
chr13	9295082	9295628	3
chr13	9295629	9296097	0
chr13	9296098	9296296	0
chr13	9296297	9296381	0
chr13	9296382	9297003	0
chr13	9297004	9297154	0
chr13	9297155	9297189	0
chr13	9297190	9297983	1
chr13	9297984	9298045	0
chr13	9298046	9298865	0
chr13	9298866	9300118	1
chr13	9300119	9300660	5
chr13	9300661	9300818	2
chr13	9300819	9300850	1
chr13	9300851	9301532	0
chr13	9301533	9302948	0
chr13	9302949	9303072	0
chr13	9303073	9303250	0
chr13	9303251	9304107	0
chr13	9304108	9304247	0
chr13	9304248	9304655	0
chr13	9304656	9304834	0
chr13	9304835	9305183	0
chr13	9305184	9306306	0
chr13	9306307	9306323	0
chr13	9306324	9306584	0
chr13	9306585	9306710	0
chr13	9306711	9307777	1
chr13	9307778	9307799	0
chr13	9307800	9309043	8
chr13	9309044	9309682	0
chr13	9309683	9312020	4
chr13	9312021	9312238	0
chr13	9312239	9314929	8
chr13	9314930	9316072	2
chr13	9316073	9317079	3
chr13	9317080	9317344	2
chr13	9317345	9317417	0
chr13	9317418	9317461	0
chr13	9317462	9319454	1
chr13	9319455	9319865	0
chr13	9319866	9320571	0
chr13	9320572	9320889	0
chr13	9320890	9321761	0
chr13	9321762	9322105	0
chr13	9322106	9322145	0
chr13	9322146	9322603	0
chr13	9322604	9323423	0
chr13	9323424	9324410	0
chr13	9324411	9324448	0
chr13	9324449	9324505	2
chr13	9324506	9325097	8
chr13	9325098	9325357	1
chr13	9325358	9326137	2
chr13	9326138	9328385	5
chr13	9328386	9328467	2
chr13	9328468	9328897	2
chr13	9328898	9329146	1
chr13	9329147	9329617	0
chr13	9329618	9330087	1
chr13	9330088	9330703	1
chr13	9330704	9330733	0
chr13	9330734	9331958	4
chr13	9331959	9332365	0
chr13	9332366	9332987	0
chr13	9332988	9333252	0
chr13	9333253	9333503	0
chr13	9333504	9333972	0
chr13	9333973	9334071	1
chr13	9334072	9334130	0
chr13	9334131	9334278	0
chr13	9334279	9335375	0
chr13	9335376	9336010	0
chr13	9336011	9336502	0
chr13	9336503	9336640	0
chr13	9336641	9336760	0
chr13	9336761	9337204	0
chr13	9337205	9337905	0
chr13	9337906	9338102	2
chr13	9338103	9339680	5
chr13	9339681	9340625	0
chr13	9340626	9340726	1
chr13	9340727	9342579	3
chr13	9342580	9342856	2
chr13	9342857	9343502	0
chr13	9343503	9343605	0
chr13	9343606	9344201	0
chr13	9344202	9346083	1
chr13	9346084	9346266	0
chr13	9346267	9347139	3
chr13	9347140	9348179	6
chr13	9348180	9348384	0
chr13	9348385	9348538	0
chr13	9348539	9349531	0
chr13	9349532	9349677	0
chr13	9349678	9350443	0
chr13	9350444	9350668	0
chr13	9350669	9351424	6
chr13	9351425	9351724	1
chr13	9351725	9353197	2
chr13	9353198	9353218	0
chr13	9353219	9353429	1
chr13	9353430	9353440	0
chr13	9353441	9353893	4
chr13	9353894	9354320	0
chr13	9354321	9354502	1
chr13	9354503	9355284	5
chr13	9355285	9355395	1
chr13	9355396	9356197	2
chr13	9356198	9356409	0
chr13	9356410	9356754	2
chr13	9356755	9357273	0
chr13	9357274	9357976	0
chr13	9357977	9358462	1
chr13	9358463	9359384	3
chr13	9359385	9360159	3
chr13	9360160	9362090	3
chr13	9362091	9363153	2
chr13	9363154	9363238	0
chr13	9363239	9363282	0
chr13	9363283	9364460	6
chr13	9364461	9364478	0
chr13	9364479	9364672	0
chr13	9364673	9364764	0
chr13	9364765	9365207	0
chr13	9365208	9368388	4
chr13	9368389	9369171	2
chr13	9369172	9369182	0
chr13	9369183	9369966	2
chr13	9369967	9370034	0
chr13	9370035	9370141	0
chr13	9370142	9370317	0
chr13	9370318	9371452	1
chr13	9371453	9372274	0
chr13	9372275	9374499	1
chr13	9583324	9583755	0
chr13	9583756	9583980	0
chr13	9583981	9584367	0
chr13	9584368	9584529	0
chr13	9584530	9585484	0
chr13	9585485	9587435	9
chr13	9587436	9587440	3
chr13	9587441	9588269	3
chr13	9588270	9588313	0
chr13	9588314	9588491	0
chr13	9588492	9589048	0
chr13	9589049	9589340	0
chr13	9589341	9589574	0
chr13	9589575	9589864	4
chr13	9589865	9590109	0
chr13	9590110	9590364	0
chr13	9590365	9590680	0
chr13	9590681	9591504	3
chr13	9591505	9592234	0
chr13	9592235	9592727	0
chr13	9592728	9592959	0
chr13	9592960	9593738	3
chr13	9593739	9593860	0
chr13	9593861	9594371	2
chr13	9594372	9594543	1
chr13	9594544	9594708	2
chr13	9594709	9594970	0
chr13	9594971	9595144	0
chr13	9595145	9595729	0
chr13	9595730	9595789	0
chr13	9595790	9596211	0
chr13	9596212	9596240	0
chr13	9596241	9596373	0
chr13	9596374	9596600	0
chr13	9596601	9597607	2
chr13	9597608	9599524	8
chr13	9599525	9599531	0
chr13	9599532	9599748	0
chr13	9599749	9601405	1
chr13	9601406	9602519	0
chr13	9602520	9602874	0
chr13	9602875	9603124	0
chr13	9603125	9604337	1
chr13	9604338	9604603	1
chr13	9604604	9604720	0
chr13	9604721	9605012	0
chr13	9605013	9605624	0
chr13	9605625	9606953	0
chr13	9606954	9607350	1
chr13	9607351	9608689	0
chr13	9608690	9608711	0
chr13	9608712	9609043	0
chr13	9609044	9609200	0
chr13	9609201	9609467	0
chr13	9609468	9609528	0
chr13	9609529	9609717	0
chr13	9609718	9609787	0
chr13	9609788	9609968	0
chr13	9609969	9610928	0
chr13	9610929	9610967	0
chr13	9610968	9611087	0
chr13	9611088	9611156	0
chr13	9611157	9611969	0
chr13	9611970	9612084	1
chr13	9612085	9612540	6
chr13	9612541	9612969	1
chr13	9612970	9613013	0
chr13	9613014	9613062	0
chr13	9613063	9613297	1
chr13	9613298	9614944	1
chr13	9614945	9615598	1
chr13	9615599	9616815	2
chr13	9616816	9617053	0
chr13	9617054	9617174	0
chr13	9617175	9617199	0
chr13	9617200	9617380	0
chr13	9617381	9617652	8
chr13	9617653	9617765	0
chr13	9617766	9617783	0
chr13	9617784	9618113	0
chr13	9618114	9618171	0
chr13	9618172	9618260	0
chr13	9618261	9619359	4
chr13	9619360	9620463	2
chr13	9620464	9621395	0
chr13	9621396	9621737	0
chr13	9621738	9621816	0
chr13	9621817	9621905	0
chr13	9621906	9622745	2
chr13	9622746	9624110	5
chr13	9624111	9626880	1
chr13	9626881	9627215	0
chr13	9627216	9627347	0
chr13	9627348	9627506	0
chr13	9627507	9627941	0
chr13	9627942	9627963	0
chr13	9627964	9628637	3
chr13	9628638	9629281	0
chr13	9629282	9629478	1
chr13	9629479	9629784	5
chr13	9629785	9629822	0
chr13	9629823	9629891	0
chr13	9629892	9630436	3
chr13	9630437	9630443	1
chr13	9630444	9630642	2
chr13	9630643	9630760	2
chr13	9630761	9630790	1
chr13	9630791	9630854	1
chr13	9630855	9631172	0
chr13	9631173	9631227	0
chr13	9631228	9632118	5
chr13	9632119	9632504	0
chr13	9632505	9633107	0
chr13	9633108	9633377	0
chr13	9633378	9634219	0
chr13	9634220	9635308	5
chr13	9635309	9635378	1
chr13	9635379	9635398	0
chr13	9635399	9635487	0
chr13	9635488	9636464	1
chr13	9636465	9637869	7
chr13	9637870	9638720	2
chr13	9638721	9638729	0
chr13	9638730	9638738	0
chr13	9638739	9639038	0
chr13	9639039	9639137	0
chr13	9639138	9639349	0
chr13	9639350	9639572	4
chr13	9639573	9639600	2
chr13	9639601	9639821	0
chr13	9639822	9640743	2
chr13	9640744	9640753	0
chr13	9640754	9640873	0
chr13	9640874	9641648	0
chr13	9641649	9642247	0
chr13	9642248	9642254	0
chr13	9642255	9642269	0
chr13	9642270	9642361	0
chr13	9642362	9642382	0
chr13	9642383	9642759	0
chr13	9642760	9643000	0
chr13	9643001	9643404	1
chr13	9643405	9644015	1
chr13	9644016	9644882	0
chr13	9644883	9644905	0
chr13	9644906	9644924	0
chr13	9644925	9645007	0
chr13	9645008	9645515	0
chr13	9645516	9646004	0
chr13	9646005	9646865	6
chr13	9646866	9648762	2
chr13	9648763	9649538	1
chr13	9649539	9649803	0
chr13	9649804	9650491	0
chr13	9650492	9651109	1
chr13	9651110	9651260	1
chr13	9651261	9651392	1
chr13	9651393	9651434	0
chr13	9651435	9652738	2
chr13	9652739	9653102	0
chr13	9653103	9653590	2
chr13	9653591	9653993	0
chr13	9653994	9654981	0
chr13	9654982	9655170	3
chr13	9655171	9655995	2
chr13	9655996	9656119	0
chr13	9656120	9656131	0
chr13	9656132	9657678	4
chr13	9657679	9657773	0
chr13	9657774	9657926	0
chr13	9657927	9658006	0
chr13	9658007	9658214	1
chr13	9658215	9658485	0
chr13	9658486	9659826	9
chr13	9659827	9660125	0
chr13	9660126	9660394	0
chr13	9660395	9660689	0
chr13	9660690	9661081	2
chr13	9661082	9661225	0
chr13	9661226	9661261	0
chr13	9661262	9662290	5
chr13	9662291	9662630	0
chr13	9662631	9663469	4
chr13	9663470	9663531	0
chr13	9663532	9663677	2
chr13	9663678	9663993	3
chr13	9663994	9664974	0
chr13	9664975	9665082	0
chr13	9665083	9666409	5
chr13	9666410	9666743	0
chr13	9666744	9666748	0
chr13	9666749	9667017	1
chr13	9667018	9667353	0
chr13	9667354	9667365	0
chr13	9667366	9668018	0
chr13	9668019	9668655	0
chr13	9668656	9668756	0
chr13	9668757	9668804	0
chr13	9668805	9668820	0
chr13	9668821	9668843	0
chr13	9668844	9668900	0
chr13	9668901	9670278	2
chr13	9670279	9670724	5
chr13	9670725	9671592	0
chr13	9671593	9671996	0
chr13	9671997	9672073	0
chr13	9672074	9672578	0
chr13	9672579	9674513	3
chr13	9674514	9674894	0
chr13	9674895	9675218	0
chr13	9675219	9676573	3
chr13	9676574	9676579	1
chr13	9676580	9677091	1
chr13	9677092	9677145	0
chr13	9677146	9678712	5
chr13	9678713	9678774	3
chr13	9678775	9679199	0
chr13	9679200	9680023	3
chr13	9680024	9680575	0
chr13	9680576	9680998	0
chr13	9680999	9681081	0
chr13	9681082	9683760	0
chr13	9683761	9684203	1
chr13	9684204	9684418	0
chr13	9684419	9684855	0
chr13	9684856	9685703	0
chr13	9685704	9686063	0
chr13	9686064	9686071	0
chr13	9686072	9686359	0
chr13	9686360	9686381	0
chr13	9686382	9686675	0
chr13	9686676	9687525	0
chr13	9687526	9687847	0
chr13	9687848	9688325	0
chr13	9688326	9689764	0
chr13	9689765	9689937	0
chr13	9689938	9690344	0
chr13	9690345	9690881	0
chr13	9690882	9690974	0
chr13	9690975	9691427	0
chr13	9691428	9691726	0
chr13	9691727	9691815	0
chr13	9691816	9694335	12
chr13	9694336	9694419	0
chr13	9694420	9694843	0
chr13	9694844	9695305	2
chr13	9695306	9695642	0
chr13	9695643	9697346	2
chr13	9697347	9697503	0
chr13	9697504	9697675	0
chr13	9697676	9698201	2
chr13	9698202	9698217	0
chr13	9698218	9698726	8
chr13	9698727	9699325	0
chr13	9699326	9699339	0
chr13	9699340	9699407	0
chr13	9699408	9699656	0
chr13	9699657	9699676	0
chr13	9699677	9699870	0
chr13	9699871	9700838	0
chr13	9700839	9700895	0
chr13	9700896	9701160	0
chr13	9701161	9704026	0
chr13	9704027	9704188	0
chr13	9704189	9704204	0
chr13	9704205	9704621	0
chr13	9704622	9707280	9
chr13	9707281	9707291	0
chr13	9707292	9707297	0
chr13	9707298	9707327	0
chr13	9707328	9707430	0
chr13	9707431	9707483	0
chr13	9707484	9707768	1
chr13	9707769	9707786	0
chr13	9707787	9708992	1
chr13	9708993	9711407	7
chr13	9711408	9712262	2
chr13	9712263	9715658	1
chr13	9715659	9716284	4
chr13	9716285	9717628	1
chr13	9717629	9717930	0
chr13	9717931	9718057	0
chr13	9718058	9718617	0
chr13	9718618	9718763	0
chr13	9718764	9720744	6
chr13	9720745	9720790	0
chr13	9720791	9721489	1
chr13	9721490	9721949	1
chr13	9721950	9722489	0
chr13	9722490	9724061	0
chr13	9724062	9724755	1
chr13	9724756	9726000	11
chr13	9726001	9726487	2
chr13	9726488	9727747	0
chr13	9727748	9728007	0
chr13	9728008	9728043	0
chr13	9728044	9728127	0
chr13	9728128	9728285	0
chr13	9728286	9729057	0
chr13	9729058	9729794	53
chr13	9729795	9729851	3
chr13	9729852	9730446	5
chr13	9730447	9731042	0
chr13	9731043	9731226	0
chr13	9731227	9732061	5
chr13	9732062	9732083	0
chr13	9732084	9732127	0
chr13	9732128	9732643	0
chr13	9732644	9732992	0
chr13	9732993	9733063	0
chr13	9733064	9733755	3
chr13	9733756	9734119	0
chr13	9734120	9734142	0
chr13	9734143	9734515	0
chr13	9734516	9734940	0
chr13	9734941	9735125	0
chr13	9735126	9735503	2
chr13	9735504	9735510	0
chr13	9735511	9735581	0
chr13	9735582	9737047	0
chr13	9737048	9738001	1
chr13	9738002	9738033	0
chr13	9738034	9738186	0
chr13	9738187	9738231	0
chr13	9738232	9738236	0
chr13	9738237	9738441	1
chr13	9738442	9739448	5
chr13	9739449	9739584	0
chr13	9739585	9740737	0
chr13	9740738	9741048	1
chr13	9741049	9741326	0
chr13	9741327	9741515	0
chr13	9741516	9742044	0
chr13	9742045	9743540	2
chr13	9743541	9744721	3
chr13	9744722	9745847	3
chr13	9745848	9746312	0
chr13	9746313	9746586	0
chr13	9746587	9746601	0
chr13	9746602	9746922	0
chr13	9746923	9747470	6
chr13	9747471	9749101	10
chr13	9749102	9749200	0
chr13	9749201	9749297	0
chr13	9749298	9749306	0
chr13	9749307	9749315	0
chr13	9749316	9749706	0
chr13	9749707	9749938	0
chr13	9749939	9750087	0
chr13	9750088	9750128	0
chr13	9750129	9750635	3
chr13	9750636	9752228	3
chr13	9752229	9753008	3
chr13	9753009	9753186	0
chr13	9753187	9753656	0
chr13	9753657	9753996	0
chr13	9753997	9754589	0
chr13	9754590	9756061	4
chr13	9756062	9757517	0
chr13	9757518	9758109	12
chr13	9758110	9758290	0
chr13	9758291	9759160	2
chr13	9759161	9759166	0
chr13	9759167	9759529	0
chr13	9759530	9760648	0
chr13	9760649	9760714	0
chr13	9760715	9761170	2
chr13	9761171	9761837	0
chr13	9761838	9762513	0
chr13	9762514	9763138	3
chr13	9763139	9763752	10
chr13	9763753	9764197	4
chr13	9764198	9764796	7
chr13	9764797	9767103	13
chr13	9767104	9767459	0
chr13	9767460	9767597	0
chr13	9767598	9767681	0
chr13	9767682	9768485	5
chr13	9768486	9768799	0
chr13	9768800	9769171	0
chr13	9769172	9769493	0
chr13	9769494	9769502	0
chr13	9769503	9769985	2
chr13	9769986	9770201	0
chr13	9770202	9770341	0
chr13	9770342	9770693	0
chr13	9770694	9771482	1
chr13	9771483	9771649	0
chr13	9771650	9772095	3
chr13	9772096	9772114	0
chr13	9772115	9772284	0
chr13	9772285	9772484	1
chr13	9772485	9773486	0
chr13	9773487	9773822	0
chr13	9773823	9774933	0
chr13	9774934	9775442	1
chr13	9775443	9775614	3
chr13	9775615	9775980	0
chr13	9775981	9777095	6
chr13	9777096	9777462	0
chr13	9777463	9777817	0
chr13	9777818	9778335	0
chr13	9778336	9778454	0
chr13	9778455	9778613	0
chr13	9778614	9779354	8
chr13	9779355	9779502	1
chr13	9779503	9780525	10
chr13	9780526	9780740	1
chr13	9780741	9781141	0
chr13	9781142	9781376	0
chr13	9781377	9782506	1
chr13	9782507	9785035	2
chr13	9785036	9785626	0
chr13	9785627	9785742	0
chr13	9785743	9785901	0
chr13	9785902	9786165	0
chr13	9786166	9786497	0
chr13	9786498	9787295	0
chr13	9787296	9788595	0
chr13	9788596	9789833	1
chr13	9789834	9790701	7
chr13	9790702	9790706	1
chr13	9790707	9791366	1
chr13	9791367	9791407	0
chr13	9791408	9791570	0
chr13	9791571	9791803	0
chr13	9791804	9792415	2
chr13	9792416	9792573	0
chr13	9792574	9792967	0
chr13	9792968	9793802	0
chr13	9793803	9795519	21
chr13	9795520	9795585	4
chr13	9795586	9795594	0
chr13	9795595	9795782	3
chr13	9795783	9796066	6
chr13	9796067	9796752	9
chr13	9796753	9797383	77
chr13	9797384	9797530	26
chr13	9797531	9797971	137
chr13	9797972	9798901	438
chr13	9798902	9800082	126
chr13	9800083	9800723	48
chr13	9800724	9801560	11
chr13	9801561	9802592	5
chr13	9802593	9802707	0
chr13	9802708	9803106	2
chr13	9803107	9804230	21
chr13	9804231	9804490	0
chr13	9804491	9804567	0
chr13	9804568	9805044	0
chr13	9805045	9805224	0
chr13	9805225	9805477	0
chr13	9805478	9805854	1
chr13	9805855	9806123	1
chr13	9806124	9806413	0
chr13	9806414	9806574	0
chr13	9806575	9806732	0
chr13	9806733	9807506	1
chr13	9807507	9807829	0
chr13	9807830	9807840	0
chr13	9807841	9808983	2
chr13	9808984	9810065	2
chr13	9810066	9810110	0
chr13	9810111	9811135	8
chr13	9811136	9811363	0
chr13	9811364	9811397	0
chr13	9811398	9811412	0
chr13	9811413	9811632	0
chr13	9811633	9812788	0
chr13	9812789	9814538	2
chr13	9814539	9815054	3
chr13	9815055	9815721	2
chr13	9815722	9815773	0
chr13	9815774	9817453	2
chr13	9817454	9818088	0
chr13	9818089	9818278	3
chr13	9818279	9818602	0
chr13	9818603	9819201	0
chr13	9819202	9820237	11
chr13	9820238	9820495	0
chr13	9820496	9820643	0
chr13	9820644	9820684	0
chr13	9820685	9820696	0
chr13	9820697	9821057	4
chr13	9821058	9822066	13
chr13	9822067	9823567	11
chr13	9823568	9824755	48
chr13	9824756	9825691	30
chr13	9825692	9826137	68
chr13	9826138	9826204	31
chr13	9826205	9826401	47
chr13	9826402	9826451	13
chr13	9826452	9826858	47
chr13	9826859	9827285	67
chr13	9827286	9827536	52
chr13	9827537	9827835	11
chr13	9827836	9828427	6
chr13	9828428	9828535	2
chr13	9828536	9828845	16
chr13	9828846	9828985	21
chr13	9828986	9829299	34
chr13	9829300	9829720	31
chr13	9829721	9829732	0
chr13	9829733	9830335	12
chr13	9830336	9830908	3
chr13	9830909	9830960	0
chr13	9830961	9831316	0
chr13	9831317	9831384	0
chr13	9831385	9832653	9
chr13	9832654	9832758	0
chr13	9832759	9833535	5
chr13	9833536	9834602	15
chr13	9834603	9834823	0
chr13	9834824	9835029	2
chr13	9835030	9835291	1
chr13	9835292	9836554	5
chr13	9836555	9837571	4
chr13	9837572	9837580	0
chr13	9837581	9838508	0
chr13	9838509	9838921	0
chr13	9838922	9839955	4
chr13	9839956	9842298	4
chr13	9842299	9842980	1
chr13	9842981	9843826	8
chr13	9843827	9843873	0
chr13	9843874	9845005	3
chr13	9845006	9845172	2
chr13	9845173	9845418	1
chr13	9845419	9845596	0
chr13	9845597	9845610	0
chr13	9845611	9845897	0
chr13	9845898	9846242	8
chr13	9846243	9846549	0
chr13	9846550	9847684	0
chr13	9847685	9849194	2
chr13	9849195	9850232	0
chr13	9850233	9850979	1
chr13	9850980	9851021	0
chr13	9851022	9851550	0
chr13	9851551	9852058	0
chr13	9852059	9852194	1
chr13	9852195	9852297	0
chr13	9852298	9853579	2
chr13	9853580	9853941	0
chr13	9853942	9854754	9
chr13	9854755	9854764	0
chr13	9854765	9854815	2
chr13	9854816	9855405	5
chr13	9855406	9855459	1
chr13	9855460	9855883	3
chr13	9855884	9856097	0
chr13	9856098	9856945	5
chr13	9856946	9857076	2
chr13	9857077	9857462	0
chr13	9857463	9857815	2
chr13	9857816	9857877	0
chr13	9857878	9858094	2
chr13	9858095	9858591	2
chr13	9858592	9863087	7
chr13	9863088	9864355	4
chr13	9864356	9864389	0
chr13	9864390	9864961	0
chr13	9864962	9865180	2
chr13	9865181	9865555	1
chr13	9865556	9868189	11
chr13	9868190	9868454	1
chr13	9868455	9868511	1
chr13	9868512	9868518	0
chr13	9868519	9868799	0
chr13	9868800	9868811	0
chr13	9868812	9868922	0
chr13	9868923	9869330	0
chr13	9869331	9869452	0
chr13	9869453	9869766	0
chr13	9869767	9872024	4
chr13	9872025	9872646	0
chr13	9872647	9872754	0
chr13	9872755	9872911	2
chr13	9872912	9873897	3
chr13	9873898	9875268	12
chr13	9875269	9875836	0
chr13	9875837	9875979	0
chr13	9875980	9877448	5
chr13	9877449	9877538	0
chr13	9877539	9877601	0
chr13	9877602	9878064	1
chr13	9878065	9878740	0
chr13	9878741	9879657	1
chr13	9879658	9879848	0
chr13	9879849	9880699	5
chr13	9880700	9881891	8
chr13	9881892	9882077	1
chr13	9882078	9883191	3
chr13	9883192	9884050	1
chr13	9884051	9884795	2
chr13	9884796	9884829	0
chr13	9884830	9884883	1
chr13	9884884	9885729	0
chr13	9885730	9888214	3
chr13	9888215	9888266	0
chr13	9888267	9888531	0
chr13	9888532	9888919	1
chr13	9888920	9889978	0
chr13	9889979	9890716	3
chr13	9890717	9892604	1
chr13	9892605	9892938	3
chr13	9892939	9893280	11
chr13	9893281	9894282	1
chr13	9894283	9896009	1
chr13	9896010	9896129	0
chr13	9896130	9896460	1
chr13	9896461	9899216	10
chr13	9899217	9899983	1
chr13	9899984	9900340	2
chr13	9900341	9900578	0
chr13	9900579	9900934	6
chr13	9900935	9901283	0
chr13	9901284	9901521	1
chr13	9901522	9901539	0
chr13	9901540	9901782	0
chr13	9901783	9902923	6
chr13	9902924	9903108	1
chr13	9903109	9904890	4
chr13	9904891	9905398	0
chr13	9905399	9906301	0
chr13	9906302	9906458	0
chr13	9906459	9906847	0
chr13	9906848	9907234	0
chr13	9907235	9907365	0
chr13	9907366	9907460	0
chr13	9907461	9907566	0
chr13	9907567	9907665	0
chr13	9907666	9908576	5
chr13	9908577	9909199	2
chr13	9909200	9909651	0
chr13	9909652	9909858	6
chr13	9909859	9911288	7
chr13	9911289	9911519	0
chr13	9911520	9912772	36
chr13	9912773	9913484	0
chr13	9913485	9913500	0
chr13	9913501	9914581	0
chr13	9914582	9916664	8
chr13	9916665	9916895	0
chr13	9916896	9917071	0
chr13	9917072	9917089	0
chr13	9917090	9918674	10
chr13	9918675	9919679	4
chr13	9919680	9920218	5
chr13	9920219	9920479	0
chr13	9920480	9920840	0
chr13	9920841	9923290	1
chr13	9923291	9923572	0
chr13	9923573	9924209	0
chr13	9924210	9925171	0
chr13	9925172	9926420	1
chr13	9926421	9926721	2
chr13	9926722	9927260	3
chr13	9927261	9927878	0
chr13	9927879	9928060	0
chr13	9928061	9928563	3
chr13	9928564	9928573	1
chr13	9928574	9930496	8
chr13	9930497	9930699	0
chr13	9930700	9931205	0
chr13	9931206	9931537	0
chr13	9931538	9931794	1
chr13	9931795	9931968	0
chr13	9931969	9932268	0
chr13	9932269	9932385	0
chr13	9932386	9933147	3
chr13	9933148	9933315	0
chr13	9933316	9933596	0
chr13	9933597	9933715	0
chr13	9933716	9934103	0
chr13	9934104	9935002	0
chr13	9935003	9935237	2
chr13	9935238	9936399	2
chr13	9936400	9936584	0
chr13	9936585	9937186	2
chr13	9937187	9937346	0
chr13	9937347	9937467	0
chr13	9937468	9938222	2
chr13	9938223	9939005	1
chr13	9939006	9939420	0
chr13	9939421	9939470	0
chr13	9939471	9939535	0
chr13	9939536	9940251	1
chr13	9940252	9941135	5
chr13	9941136	9941202	0
chr13	9941203	9941488	0
chr13	9941489	9941802	0
chr13	9941803	9941959	0
chr13	9941960	9942751	1
chr13	9942752	9943123	0
chr13	9943124	9943450	0
chr13	9943451	9943532	0
chr13	9943533	9943687	0
chr13	9943688	9943961	0
chr13	9943962	9944296	0
chr13	9944297	9944466	2
chr13	9944467	9945936	8
chr13	9945937	9946316	0
chr13	9946317	9946601	1
chr13	9946602	9946780	3
chr13	9946781	9947349	1
chr13	9947350	9948959	2
chr13	9948960	9949119	0
chr13	9949120	9949287	0
chr13	9949288	9950154	3
chr13	9950155	9950424	0
chr13	9950425	9950481	0
chr13	9950482	9950970	1
chr13	9950971	9951035	0
chr13	9951036	9951066	0
chr13	9951067	9951155	0
chr13	9951156	9951679	1
chr13	9951680	9951751	1
chr13	9951752	9951801	2
chr13	9951802	9952796	3
chr13	9952797	9953257	1
chr13	9953258	9953583	4
chr13	9953584	9954996	4
chr13	9954997	9955164	0
chr13	9955165	9955764	0
chr13	9955765	9956085	0
chr13	9956086	9956443	0
chr13	9956444	9956798	0
chr13	9956799	9957828	2
chr13	9957829	9958133	3
chr13	9958134	9958663	9
chr13	9958664	9958713	0
chr13	9958714	9962160	12
chr13	9962161	9962219	2
chr13	9962220	9962724	3
chr13	9962725	9963233	0
chr13	9963234	9963247	0
chr13	9963248	9963648	0
chr13	9963649	9964297	5
chr13	9964298	9964333	0
chr13	9964334	9964588	0
chr13	9964589	9965383	3
chr13	9965384	9966610	1
chr13	9966611	9966792	0
chr13	9966793	9967298	0
chr13	9967299	9967375	0
chr13	9967376	9968128	4
chr13	9968129	9968786	1
chr13	9968787	9969898	12
chr13	9969899	9972399	0
chr13	9972400	9972422	0
chr13	9972423	9972755	0
chr13	9972756	9973764	0
chr13	9973765	9973819	0
chr13	9973820	9974662	0
chr13	9974663	9974670	0
chr13	9974671	9974702	0
chr13	9974703	9976676	11
chr13	9976677	9976839	0
chr13	9976840	9977805	1
chr13	9977806	9977951	0
chr13	9977952	9978107	0
chr13	9978108	9978410	0
chr13	9978411	9978904	0
chr13	9978905	9979277	3
chr13	9979278	9979651	3
chr13	9979652	9980127	1
chr13	9980128	9981258	0
chr13	9981259	9981350	0
chr13	9981351	9982186	0
chr13	9982187	9982773	2
chr13	9982774	9982888	0
chr13	9982889	9982990	0
chr13	9982991	9984126	0
chr13	9984127	9984144	0
chr13	9984145	9985768	1
chr13	9985769	9985806	0
chr13	9985807	9985889	1
chr13	9985890	9986074	0
chr13	9986075	9987019	1
chr13	9987020	9987804	0
chr13	9987805	9987937	0
chr13	9987938	9988218	5
chr13	9988219	9989303	0
chr13	9989304	9989799	1
chr13	9989800	9989876	0
chr13	9989877	9989895	0
chr13	9989896	9990563	0
chr13	9990564	9991523	3
chr13	9991524	9991559	0
chr13	9991560	9991642	0
chr13	9991643	9991654	0
chr13	9991655	9991674	0
chr13	9991675	9991935	0
chr13	9991936	9992059	0
chr13	9992060	9992180	0
chr13	9992181	9993946	4
chr13	9993947	9994080	0
chr13	9994081	9994624	0
chr13	9994625	9995342	0
chr13	9995343	9996600	5
chr13	9996601	9996796	0
chr13	9996797	9999009	2
chr13	9999010	10001137	6
chr13	10001138	10001581	0
chr13	10001582	10002394	0
chr13	10002395	10002653	0
chr13	10002654	10003546	0
chr13	10003547	10003778	0
chr13	10003779	10003822	0
chr13	10003823	10003911	0
chr13	10003912	10003978	0
chr13	10003979	10004570	0
chr13	10004571	10004707	0
chr13	10004708	10004822	0
chr13	10004823	10005091	0
chr13	10005092	10005219	0
chr13	10005220	10005601	0
chr13	10005602	10005649	0
chr13	10005650	10006202	0
chr13	10006203	10006262	0
chr13	10006263	10006482	0
chr13	10006483	10006897	0
chr13	10006898	10006941	0
chr13	10006942	10007256	0
chr13	10007257	10007343	0
chr13	10007344	10007731	0
chr13	10007732	10007792	0
chr13	10007793	10008534	0
chr13	10008535	10008746	0
chr13	10008747	10008996	1
chr13	10008997	10009081	1
chr13	10009082	10009151	0
chr13	10009152	10009159	0
chr13	10009160	10009458	0
chr13	10009459	10010452	0
chr13	10010453	10010572	1
chr13	10010573	10011056	1
chr13	10011057	10011094	0
chr13	10011095	10011244	0
chr13	10011245	10011663	0
chr13	10011664	10012947	2
chr13	10012948	10013517	0
chr13	10013518	10013571	0
chr13	10013572	10014787	1
chr13	10014788	10016357	2
chr13	10016358	10016732	0
chr13	10016733	10019012	4
chr13	10019013	10019218	0
chr13	10019219	10020020	0
chr13	10020021	10020398	1
chr13	10020399	10020632	0
chr13	10020633	10021398	1
chr13	10021399	10021583	0
chr13	10021584	10022141	0
chr13	10022142	10022162	0
chr13	10022163	10022214	0
chr13	10022215	10022247	0
chr13	10022248	10022834	0
chr13	10022835	10023616	2
chr13	10023617	10023938	3
chr13	10023939	10024267	0
chr13	10024268	10025217	1
chr13	10025218	10025275	0
chr13	10025276	10025918	1
chr13	10025919	10026871	1
chr13	10026872	10027027	0
chr13	10027028	10027832	1
chr13	10027833	10030417	6
chr13	10030418	10030782	0
chr13	10030783	10031338	1
chr13	10031339	10033308	1
chr13	10033309	10033431	1
chr13	10033432	10034817	0
chr13	10034818	10034822	0
chr13	10034823	10035149	0
chr13	10035150	10035827	0
chr13	10035828	10036420	11
chr13	10036421	10036680	6
chr13	10036681	10037799	3
chr13	10037800	10038248	0
chr13	10038249	10038520	0
chr13	10038521	10038704	0
chr13	10038705	10038935	0
chr13	10038936	10039140	0
chr13	10039141	10039800	0
chr13	10039801	10039818	0
chr13	10039819	10039939	0
chr13	10039940	10040046	0
chr13	10040047	10040266	0
chr13	10040267	10040340	0
chr13	10040341	10040411	0
chr13	10040412	10040522	0
chr13	10040523	10040913	0
chr13	10040914	10042087	0
chr13	10042088	10042253	0
chr13	10042254	10042384	0
chr13	10042385	10042919	0
chr13	10042920	10044680	1
chr13	10044681	10044715	2
chr13	10044716	10044940	1
chr13	10044941	10044952	0
chr13	10044953	10046945	1
chr13	10046946	10047282	0
chr13	10047283	10047558	0
chr13	10047559	10048119	0
chr13	10048120	10049466	0
chr13	10049467	10049652	0
chr13	10049653	10049745	0
chr13	10049746	10049887	0
chr13	10049888	10049928	0
chr13	10049929	10050098	0
chr13	10050099	10050596	6
chr13	10050597	10050895	1
chr13	10050896	10051272	2
chr13	10051273	10053296	0
chr13	10053297	10053598	0
chr13	10053599	10053679	1
chr13	10053680	10054192	5
chr13	10054193	10054199	0
chr13	10054200	10054986	0
chr13	10054987	10055059	0
chr13	10055060	10055330	0
chr13	10055331	10056988	0
chr13	10056989	10057019	0
chr13	10057020	10057746	2
chr13	10057747	10057990	0
chr13	10057991	10058794	0
chr13	10058795	10060000	7
chr13	10060001	10060940	2
chr13	10060941	10060944	0
chr13	10060945	10060979	0
chr13	10060980	10061130	0
chr13	10061131	10061575	0
chr13	10061576	10062944	1
chr13	10062945	10063159	0
chr13	10063160	10063220	0
chr13	10063221	10063643	1
chr13	10063644	10063883	0
chr13	10063884	10063910	0
chr13	10063911	10064247	0
chr13	10064248	10064791	0
chr13	10064792	10065067	1
chr13	10065068	10065842	0
chr13	10065843	10066071	0
chr13	10066072	10066417	0
chr13	10066418	10066452	0
chr13	10066453	10067225	0
chr13	10067226	10067320	0
chr13	10067321	10067335	0
chr13	10067336	10067830	3
chr13	10067831	10068012	2
chr13	10068013	10068950	0
chr13	10068951	10069619	3
chr13	10069620	10069966	0
chr13	10069967	10070388	0
chr13	10070389	10070718	0
chr13	10070719	10070737	0
chr13	10070738	10070760	0
chr13	10070761	10071893	3
chr13	10071894	10072109	0
chr13	10072110	10072245	0
chr13	10072246	10072329	0
chr13	10072330	10072475	0
chr13	10072476	10072954	3
chr13	10072955	10073232	0
chr13	10073233	10073309	0
chr13	10073310	10073803	5
chr13	10073804	10074033	0
chr13	10074034	10074234	1
chr13	10074235	10074387	0
chr13	10074388	10074710	0
chr13	10074711	10075476	0
chr13	10075477	10076006	0
chr13	10076007	10077781	0
chr13	10077782	10077898	0
chr13	10077899	10078249	0
chr13	10078250	10078640	0
chr13	10078641	10078995	1
chr13	10078996	10079014	0
chr13	10079015	10079061	0
chr13	10079062	10079083	0
chr13	10079084	10079206	0
chr13	10079207	10079247	0
chr13	10079248	10079386	1
chr13	10079387	10080020	1
chr13	10080021	10080178	0
chr13	10080179	10080223	0
chr13	10080224	10080727	0
chr13	10080728	10080894	0
chr13	10080895	10081155	0
chr13	10081156	10081349	0
chr13	10081350	10081479	0
chr13	10081480	10082815	4
chr13	10082816	10083406	1
chr13	10083407	10083729	0
chr13	10083730	10083747	0
chr13	10083748	10085627	0
chr13	10085628	10086078	2
chr13	10086079	10088044	1
chr13	10088045	10089680	0
chr13	10089681	10089701	0
chr13	10089702	10090712	0
chr13	10090713	10090734	0
chr13	10090735	10091405	0
chr13	10091406	10091872	2
chr13	10091873	10092653	1
chr13	10092654	10092708	0
chr13	10092709	10092937	0
chr13	10092938	10092950	0
chr13	10092951	10092976	0
chr13	10092977	10093630	0
chr13	10093631	10093921	0
chr13	10093922	10094294	0
chr13	10094295	10094624	0
chr13	10094625	10095547	2
chr13	10095548	10096169	0
chr13	10096170	10096175	0
chr13	10096176	10096198	0
chr13	10096199	10096600	2
chr13	10096601	10097016	0
chr13	10097017	10097361	0
chr13	10097362	10097402	0
chr13	10097403	10097500	0
chr13	10097501	10098255	3
chr13	10098256	10098679	0
chr13	10098680	10098896	0
chr13	10098897	10099571	0
chr13	10099572	10099666	0
chr13	10099667	10099829	0
chr13	10099830	10100489	0
chr13	10100490	10101692	10
chr13	10101693	10102757	2
chr13	10102758	10104059	5
chr13	10104060	10104272	0
chr13	10104273	10105159	0
chr13	10105160	10105761	3
chr13	10105762	10105870	0
chr13	10105871	10106190	7
chr13	10106191	10106909	0
chr13	10106910	10107024	0
chr13	10107025	10108040	3
chr13	10108041	10108169	0
chr13	10108170	10109520	5
chr13	10109521	10111254	2
chr13	10111255	10111392	1
chr13	10111393	10111762	1
chr13	10111763	10111930	1
chr13	10111931	10112146	4
chr13	10112147	10113070	1
chr13	10113071	10114214	2
chr13	10114215	10115364	0
chr13	10115365	10116602	0
chr13	10116603	10118067	3
chr13	10118068	10118229	0
chr13	10118230	10118249	0
chr13	10118250	10118495	0
chr13	10118496	10119833	1
chr13	10119834	10120629	2
chr13	10120630	10121044	0
chr13	10121045	10121231	0
chr13	10121232	10122603	0
chr13	10122604	10122904	0
chr13	10122905	10124678	3
chr13	10124679	10124894	0
chr13	10124895	10124925	0
chr13	10124926	10125124	0
chr13	10125125	10125381	0
chr13	10125382	10125386	0
chr13	10125387	10125589	0
chr13	10125590	10125703	0
chr13	10125704	10126140	0
chr13	10126141	10126226	0
chr13	10126227	10126778	0
chr13	10126779	10127428	2
chr13	10127429	10127573	0
chr13	10127574	10130068	8
chr13	10130069	10131249	0
chr13	10131250	10131605	0
chr13	10131606	10131722	0
chr13	10131723	10132479	1
chr13	10132480	10132684	0
chr13	10132685	10132913	1
chr13	10132914	10133064	0
chr13	10133065	10134232	0
chr13	10134233	10134906	0
chr13	10134907	10136009	1
chr13	10136010	10137218	0
chr13	10137219	10137555	0
chr13	10137556	10138843	3
chr13	10138844	10140101	4
chr13	10140102	10140898	1
chr13	10140899	10141605	0
chr13	10141606	10141654	0
chr13	10141655	10142014	0
chr13	10142015	10142026	0
chr13	10142027	10142142	0
chr13	10142143	10142165	0
chr13	10142166	10142669	0
chr13	10142670	10143205	0
chr13	10143206	10143593	0
chr13	10143594	10143812	0
chr13	10143813	10144095	0
chr13	10144096	10144384	0
chr13	10144385	10144388	0
chr13	10144389	10144568	3
chr13	10144569	10145586	1
chr13	10145587	10146183	0
chr13	10146184	10146798	0
chr13	10146799	10147098	1
chr13	10147099	10147776	1
chr13	10147777	10148234	1
chr13	10148235	10148778	1
chr13	10148779	10151004	0
chr13	10151005	10151736	3
chr13	10151737	10152860	11
chr13	10152861	10154535	2
chr13	10154536	10154833	0
chr13	10154834	10155204	0
chr13	10155205	10155642	0
chr13	10155643	10155750	0
chr13	10155751	10156722	1
chr13	10156723	10158088	1
chr13	10158089	10160592	4
chr13	10160593	10160968	0
chr13	10160969	10163905	8
chr13	10163906	10163910	0
chr13	10163911	10164124	5
chr13	10164125	10164511	2
chr13	10164512	10165380	7
chr13	10165381	10165553	2
chr13	10165554	10165846	0
chr13	10165847	10166267	7
chr13	10166268	10166725	2
chr13	10166726	10167034	2
chr13	10167035	10167263	0
chr13	10167264	10168110	1
chr13	10168111	10169608	4
chr13	10169609	10170121	0
chr13	10170122	10171712	4
chr13	10171713	10172167	1
chr13	10172168	10172215	0
chr13	10172216	10172380	0
chr13	10172381	10172507	0
chr13	10172508	10173506	0
chr13	10173507	10174276	1
chr13	10174277	10174781	0
chr13	10174782	10175802	1
chr13	10175803	10176088	7
chr13	10176089	10176155	0
chr13	10176156	10176369	0
chr13	10176370	10177729	3
chr13	10177730	10179539	1
chr13	10179540	10179621	0
chr13	10179622	10179700	0
chr13	10179701	10179776	0
chr13	10179777	10180073	0
chr13	10180074	10180175	0
chr13	10180176	10180308	0
chr13	10180309	10180577	1
chr13	10180578	10181906	3
chr13	10181907	10182100	0
chr13	10182101	10182259	0
chr13	10182260	10182566	0
chr13	10182567	10182693	0
chr13	10182694	10182887	0
chr13	10182888	10183046	0
chr13	10183047	10183256	0
chr13	10183257	10183357	0
chr13	10183358	10183490	0
chr13	10183491	10183621	0
chr13	10183622	10183752	0
chr13	10183753	10184374	1
chr13	10184375	10185599	353
chr13	10185600	10186411	420
chr13	10186412	10186584	38
chr13	10186585	10186715	72
chr13	10186716	10186926	61
chr13	10186927	10186976	1
chr13	10186977	10187091	5
chr13	10187092	10187806	4
chr13	10187807	10187944	0
chr13	10187945	10188109	0
chr13	10188110	10188235	0
chr13	10188236	10188778	0
chr13	10188779	10188786	0
chr13	10188787	10188934	0
chr13	10188935	10189303	2
chr13	10189304	10189775	1
chr13	10189776	10190642	0
chr13	10190643	10190658	0
chr13	10190659	10191498	0
chr13	10191499	10192707	0
chr13	10192708	10193287	1
chr13	10193288	10193331	0
chr13	10193332	10193445	0
chr13	10193446	10193858	1
chr13	10193859	10193888	0
chr13	10193889	10195924	8
chr13	10195925	10197106	5
chr13	10197107	10197157	0
chr13	10197158	10197601	0
chr13	10197602	10197701	0
chr13	10197702	10197901	0
chr13	10197902	10198360	0
chr13	10198361	10200901	2
chr13	10200902	10201057	0
chr13	10201058	10201303	0
chr13	10201304	10201549	1
chr13	10201550	10201763	1
chr13	10201764	10202387	0
chr13	10202388	10202464	0
chr13	10202465	10202984	0
chr13	10202985	10203148	0
chr13	10203149	10204676	4
chr13	10204677	10204829	1
chr13	10204830	10205414	0
chr13	10205415	10205445	0
chr13	10205446	10206569	1
chr13	10206570	10206842	0
chr13	10206843	10206960	0
chr13	10206961	10206973	0
chr13	10206974	10207489	0
chr13	10207490	10207543	0
chr13	10207544	10208148	1
chr13	10208149	10208361	5
chr13	10208362	10208591	0
chr13	10208592	10208601	0
chr13	10208602	10209056	0
chr13	10209057	10209674	0
chr13	10209675	10209690	0
chr13	10209691	10209921	0
chr13	10209922	10209979	0
chr13	10209980	10210769	0
chr13	10210770	10211173	0
chr13	10211174	10211465	0
chr13	10211466	10211694	0
chr13	10211695	10212750	4
chr13	10212751	10212764	0
chr13	10212765	10213241	2
chr13	10213242	10213647	2
chr13	10213648	10213770	0
chr13	10213771	10214146	0
chr13	10214147	10214259	0
chr13	10214260	10214727	0
chr13	10214728	10216789	4
chr13	10216790	10217849	0
chr13	10217850	10217932	0
chr13	10217933	10218906	0
chr13	10218907	10218930	0
chr13	10218931	10218991	0
chr13	10218992	10219930	0
chr13	10219931	10219948	0
chr13	10219949	10220993	0
chr13	10220994	10221670	0
chr13	10221671	10221820	0
chr13	10221821	10221858	0
chr13	10221859	10222542	2
chr13	10222543	10222660	0
chr13	10222661	10223040	0
chr13	10223041	10223212	0
chr13	10223213	10223971	0
chr13	10223972	10224198	0
chr13	10224199	10225472	2
chr13	10225473	10225613	0
chr13	10225614	10225666	0
chr13	10225667	10226349	3
chr13	10226350	10226405	0
chr13	10226406	10226538	0
chr13	10226539	10226574	0
chr13	10226575	10226815	0
chr13	10226816	10227410	0
chr13	10227411	10227620	0
chr13	10227621	10227763	0
chr13	10227764	10227803	0
chr13	10227804	10228111	1
chr13	10228112	10228159	0
chr13	10228160	10228202	1
chr13	10228203	10228417	1
chr13	10228418	10228617	0
chr13	10228618	10229466	0
chr13	10229467	10230192	2
chr13	10230193	10230599	0
chr13	10230600	10231147	0
chr13	10231148	10231820	0
chr13	10231821	10231836	0
chr13	10231837	10231841	0
chr13	10231842	10231865	0
chr13	10231866	10231870	0
chr13	10231871	10231882	0
chr13	10231883	10232594	0
chr13	10232595	10232685	0
chr13	10232686	10232899	0
chr13	10232900	10233599	0
chr13	10233600	10233637	0
chr13	10233638	10234109	0
chr13	10234110	10234115	0
chr13	10234116	10234215	0
chr13	10234216	10234296	1
chr13	10234297	10235140	5
chr13	10235141	10235584	0
chr13	10235585	10237211	13
chr13	10237212	10237368	6
chr13	10237369	10237383	0
chr13	10237384	10237449	0
chr13	10237450	10239126	6
chr13	10239127	10239309	0
chr13	10239310	10239565	2
chr13	10239566	10240806	1
chr13	10240807	10240932	0
chr13	10240933	10241663	1
chr13	10241664	10242364	3
chr13	10242365	10243010	3
chr13	10243011	10243202	0
chr13	10243203	10243282	0
chr13	10243283	10243580	0
chr13	10243581	10243691	0
chr13	10243692	10244251	1
chr13	10244252	10245503	0
chr13	10245504	10246465	7
chr13	10246466	10247622	0
chr13	10247623	10248812	16
chr13	10248813	10248835	0
chr13	10248836	10248849	0
chr13	10248850	10249306	0
chr13	10249307	10249445	0
chr13	10249446	10249532	0
chr13	10249533	10250139	1
chr13	10250140	10251842	2
chr13	10251843	10252564	0
chr13	10252565	10252603	2
chr13	10252604	10253187	3
chr13	10253188	10253237	0
chr13	10253238	10254146	0
chr13	10254147	10254327	0
chr13	10254328	10254466	0
chr13	10254467	10254514	0
chr13	10254515	10254671	0
chr13	10254672	10255351	0
chr13	10255352	10255547	0
chr13	10255548	10255687	0
chr13	10255688	10256152	5
chr13	10256153	10256201	0
chr13	10256202	10256307	0
chr13	10256308	10256601	1
chr13	10256602	10256739	0
chr13	10256740	10256854	0
chr13	10256855	10257262	0
chr13	10257263	10257370	0
chr13	10257371	10258825	5
chr13	10258826	10259589	2
chr13	10259590	10259670	0
chr13	10259671	10259733	0
chr13	10259734	10259833	0
chr13	10259834	10260030	0
chr13	10260031	10261551	2
chr13	10261552	10261570	0
chr13	10261571	10261749	1
chr13	10261750	10261766	0
chr13	10261767	10262088	3
chr13	10262089	10263069	3
chr13	10263070	10263358	0
chr13	10263359	10263591	0
chr13	10263592	10263819	0
chr13	10263820	10264241	1
chr13	10264242	10264303	1
chr13	10264304	10264667	1
chr13	10264668	10265239	2
chr13	10265240	10265823	3
chr13	10265824	10266235	4
chr13	10266236	10266838	2
chr13	10266839	10267264	2
chr13	10267265	10268049	0
chr13	10268050	10268233	0
chr13	10268234	10268356	0
chr13	10268357	10268361	0
chr13	10268362	10268432	0
chr13	10268433	10268579	0
chr13	10268580	10269007	2
chr13	10269008	10269368	1
chr13	10269369	10269887	4
chr13	10269888	10270531	5
chr13	10270532	10270835	0
chr13	10270836	10270847	0
chr13	10270848	10270857	0
chr13	10270858	10270987	0
chr13	10270988	10271183	0
chr13	10271184	10271220	0
chr13	10271221	10271396	0
chr13	10271397	10271653	0
chr13	10271654	10271716	0
chr13	10271717	10272691	1
chr13	10272692	10272696	0
chr13	10272697	10272738	0
chr13	10272739	10272915	0
chr13	10272916	10273153	0
chr13	10273154	10273528	0
chr13	10273529	10273628	0
chr13	10273629	10275410	0
chr13	10275411	10275418	0
chr13	10275419	10275769	0
chr13	10275770	10276136	2
chr13	10276137	10276429	1
chr13	10276430	10276492	0
chr13	10276493	10276783	2
chr13	10276784	10276902	0
chr13	10276903	10277173	0
chr13	10277174	10277185	1
chr13	10277186	10277197	1
chr13	10277198	10277655	4
chr13	10277656	10277990	5
chr13	10277991	10278258	1
chr13	10278259	10279236	1
chr13	10279237	10279383	0
chr13	10279384	10280120	1
chr13	10280121	10280138	0
chr13	10280139	10280260	0
chr13	10280261	10280825	0
chr13	10280826	10281159	0
chr13	10281160	10281581	0
chr13	10281582	10281809	2
chr13	10281810	10282335	1
chr13	10282336	10282742	0
chr13	10282743	10283893	0
chr13	10283894	10284032	0
chr13	10284033	10284703	1
chr13	10284704	10285256	2
chr13	10285257	10286380	1
chr13	10286381	10287421	1
chr13	10287422	10287873	2
chr13	10287874	10288056	0
chr13	10288057	10288902	1
chr13	10288903	10289187	0
chr13	10289188	10289274	0
chr13	10289275	10289331	0
chr13	10289332	10289992	0
chr13	10289993	10290416	0
chr13	10290417	10291212	0
chr13	10291213	10291577	0
chr13	10291578	10291647	0
chr13	10291648	10292252	0
chr13	10292253	10292961	1
chr13	10292962	10293081	0
chr13	10293082	10293526	4
chr13	10293527	10294359	3
chr13	10294360	10296141	757
chr13	10296142	10297884	880
chr13	10297885	10298220	1
chr13	10298221	10298494	0
chr13	10298495	10299548	1
chr13	10299549	10299568	0
chr13	10299569	10299701	0
chr13	10299702	10299767	0
chr13	10299768	10300797	4
chr13	10300798	10300805	0
chr13	10300806	10300990	0
chr13	10300991	10301683	0
chr13	10301684	10303298	1
chr13	10303299	10303738	6
chr13	10303739	10303764	0
chr13	10303765	10303797	0
chr13	10303798	10303814	0
chr13	10303815	10304172	0
chr13	10304173	10304367	0
chr13	10304368	10304419	0
chr13	10304420	10305633	0
chr13	10305634	10305909	2
