chr13	9179795	9180244	35.45
chr13	9180245	9181109	35.45
chr13	9181110	9181530	35.45
chr13	9181531	9182106	35.45
chr13	9182107	9183015	35.45
chr13	9183016	9183081	38.3666666667
chr13	9183082	9183245	41.2166666667
chr13	9183246	9183269	47.0333333333
chr13	9183270	9183360	47.3333333333
chr13	9183361	9183427	47.3333333333
chr13	9183428	9183519	47.8666666667
chr13	9183520	9184240	58.1833333333
chr13	9184241	9184547	58.1833333333
chr13	9184548	9184646	58.1833333333
chr13	9184647	9185384	58.1833333333
chr13	9185385	9186143	58.1833333333
chr13	9186144	9186422	58.1833333333
chr13	9186423	9186434	58.35
chr13	9186435	9186590	60.1333333333
chr13	9186591	9186713	61.8166666667
chr13	9186714	9188079	61.8166666667
chr13	9188080	9188964	61.8166666667
chr13	9188965	9190078	66.8166666667
chr13	9190079	9190122	66.95
chr13	9190123	9190172	66.95
chr13	9190173	9190230	66.95
chr13	9190231	9190997	66.95
chr13	9190998	9191016	66.95
chr13	9191017	9191189	66.95
chr13	9191190	9191226	43.8166666667
chr13	9191227	9191357	32.25
chr13	9191358	9191702	32.25
chr13	9191703	9191829	32.25
chr13	9191830	9192153	34.1333333333
chr13	9192154	9192469	34.1333333333
chr13	9192470	9192654	31.2166666667
chr13	9192655	9193130	28.3666666667
chr13	9193131	9193413	22.55
chr13	9193414	9193751	22.25
chr13	9193752	9193889	22.25
chr13	9193890	9193906	21.7166666667
chr13	9193907	9193958	11.4
chr13	9193959	9194067	11.4
chr13	9194068	9194232	11.4
chr13	9194233	9194312	11.4
chr13	9194313	9194766	11.4
chr13	9194767	9194829	11.4
chr13	9194830	9195107	11.2333333333
chr13	9195108	9195801	9.45
chr13	9195802	9195819	7.76666666667
chr13	9195820	9195994	7.76666666667
chr13	9195995	9197337	14.3833333333
chr13	9197338	9197460	23.55
chr13	9197461	9197894	36.7166666667
chr13	9197895	9198480	37.5166666667
chr13	9198481	9198487	40.25
chr13	9198488	9198502	44.1833333333
chr13	9198503	9198592	46.45
chr13	9198593	9198613	46.6166666667
chr13	9198614	9198737	46.2833333333
chr13	9198738	9200821	53.8333333333
chr13	9200822	9200908	57.7833333333
chr13	9200909	9201537	57.7833333333
chr13	9201538	9202346	55.9
chr13	9202347	9202955	55.9
chr13	9202956	9203209	71.4333333333
chr13	9203210	9204219	79.2
chr13	9204220	9204516	79.2
chr13	9204517	9207177	79.2
chr13	9207178	9207274	79.2
chr13	9207275	9207347	82.75
chr13	9207348	9208683	86.4166666667
chr13	9208684	9208916	86.4166666667
chr13	9208917	9209651	86.4166666667
chr13	9209652	9209831	86.4166666667
chr13	9209832	9210059	86.9833333333
chr13	9210060	9211075	87.4166666667
chr13	9211076	9211846	87.7166666667
chr13	9211847	9212677	88.5
chr13	9212678	9213576	88.5
chr13	9213577	9213873	88.5
chr13	9213874	9214770	81.8833333333
chr13	9214771	9214868	67.7166666667
chr13	9214869	9215031	54.45
chr13	9215032	9215171	56.3166666667
chr13	9215172	9216317	58.8833333333
chr13	9216318	9216502	89.1166666667
chr13	9216503	9216511	138.783333333
chr13	9216512	9216614	142.916666667
chr13	9216615	9216781	146.716666667
chr13	9216782	9217014	176.316666667
chr13	9217015	9218063	195.566666667
chr13	9218064	9218248	199.8
chr13	9218249	9218715	212.366666667
chr13	9218716	9218730	229.333333333
chr13	9218731	9218741	225.4
chr13	9218742	9218773	228.916666667
chr13	9218774	9218782	240.616666667
chr13	9218783	9219361	247.65
chr13	9219362	9220243	247.65
chr13	9220244	9220318	255.8
chr13	9220319	9220637	271.1
chr13	9220638	9221285	297.116666667
chr13	9221286	9221542	298.416666667
chr13	9221543	9221707	298.416666667
chr13	9221708	9221864	297.85
chr13	9221865	9222220	297.416666667
chr13	9222221	9222524	297.65
chr13	9222525	9222593	299.283333333
chr13	9222594	9223130	299.55
chr13	9223131	9223637	299.55
chr13	9223638	9224208	299.55
chr13	9224209	9224610	299.55
chr13	9224611	9224906	299.516666667
chr13	9224907	9225338	296.916666667
chr13	9225339	9225756	291.933333333
chr13	9225757	9226589	259.383333333
chr13	9226590	9227186	208.216666667
chr13	9227187	9227313	203.916666667
chr13	9227314	9227339	203.65
chr13	9227340	9227389	168.55
chr13	9227390	9227415	145.783333333
chr13	9227416	9227550	181.75
chr13	9227551	9230187	191.6
chr13	9230188	9230255	179.333333333
chr13	9230256	9230261	171.25
chr13	9230262	9230457	165.1
chr13	9230458	9230461	157.533333333
chr13	9230462	9230507	152.016666667
chr13	9230508	9230754	152.483333333
chr13	9230755	9230892	140.933333333
chr13	9230893	9231747	122.066666667
chr13	9231748	9231940	96.4166666667
chr13	9231941	9232008	95.1166666667
chr13	9232009	9232694	95.1166666667
chr13	9232695	9233347	95.1166666667
chr13	9233348	9233561	95.1166666667
chr13	9233562	9234349	94.5833333333
chr13	9234350	9234688	92.3666666667
chr13	9234689	9234867	97.35
chr13	9234868	9234972	97.4333333333
chr13	9234973	9235242	97.45
chr13	9235243	9236443	97.45
chr13	9236444	9237722	97.45
chr13	9237723	9237928	97.3833333333
chr13	9237929	9238525	97.0666666667
chr13	9238526	9239585	95.45
chr13	9239586	9240940	94.9833333333
chr13	9240941	9242328	96.45
chr13	9242329	9242663	93.7666666667
chr13	9242664	9243079	91.5666666667
chr13	9243080	9243257	91.1333333333
chr13	9243258	9243431	50.9333333333
chr13	9243432	9244540	28.5166666667
chr13	9244541	9245333	25.95
chr13	9245334	9245645	24.7666666667
chr13	9245646	9246612	19.8333333333
chr13	9246613	9247674	28.7333333333
chr13	9247675	9247742	51.3
chr13	9247743	9247787	50.9
chr13	9247788	9248410	50.75
chr13	9248411	9248523	50.65
chr13	9248524	9248591	50.2833333333
chr13	9248592	9248616	50.2833333333
chr13	9248617	9249556	52.2833333333
chr13	9249557	9249584	54.8166666667
chr13	9249585	9249630	61.9166666667
chr13	9249631	9249847	62.7166666667
chr13	9249848	9249854	62.5166666667
chr13	9249855	9249934	59.6
chr13	9249935	9250014	60.15
chr13	9250015	9250986	60.1333333333
chr13	9250987	9251966	60.1333333333
chr13	9251967	9252570	60.1333333333
chr13	9252571	9252651	60.1333333333
chr13	9252652	9252825	67.8
chr13	9252826	9253519	71.6333333333
chr13	9253520	9253746	71.3333333333
chr13	9253747	9253961	69.8666666667
chr13	9253962	9254898	68.85
chr13	9254899	9255358	68.75
chr13	9255359	9255412	68.7833333333
chr13	9255413	9255985	73.4
chr13	9255986	9255998	74.35
chr13	9255999	9256918	72.45
chr13	9256919	9256957	96.4666666667
chr13	9256958	9257377	122.133333333
chr13	9257378	9257759	143.616666667
chr13	9257760	9257890	148.8
chr13	9257891	9258592	148.733333333
chr13	9258593	9258666	149.583333333
chr13	9258667	9258838	149.616666667
chr13	9258839	9259212	149.616666667
chr13	9259213	9259397	149.616666667
chr13	9259398	9259646	147.616666667
chr13	9259647	9259653	145.083333333
chr13	9259654	9259796	187.95
chr13	9259797	9259920	212.333333333
chr13	9259921	9260810	212.733333333
chr13	9260811	9260999	210.4
chr13	9261000	9262341	209.766666667
chr13	9262342	9262574	219.366666667
chr13	9262575	9263990	226.883333333
chr13	9263991	9265722	230.216666667
chr13	9265723	9265831	236.883333333
chr13	9265832	9266158	229.216666667
chr13	9266159	9266369	225.383333333
chr13	9266370	9266596	225.383333333
chr13	9266597	9266773	233.25
chr13	9266774	9267111	239.1
chr13	9267112	9267510	241.4
chr13	9267511	9268717	258.683333333
chr13	9268718	9269034	285.1
chr13	9269035	9269325	286.55
chr13	9269326	9269388	287.35
chr13	9269389	9269987	307.733333333
chr13	9269988	9270113	305.1
chr13	9270114	9270446	277.533333333
chr13	9270447	9271672	248.3
chr13	9271673	9271704	254.0
chr13	9271705	9271745	258.85
chr13	9271746	9271760	258.816666667
chr13	9271761	9271903	260.666666667
chr13	9271904	9272078	276.2
chr13	9272079	9272722	284.533333333
chr13	9272723	9272748	286.133333333
chr13	9272749	9273502	241.1
chr13	9273503	9275015	221.15
chr13	9275016	9275601	227.383333333
chr13	9275602	9275918	233.633333333
chr13	9275919	9276756	261.566666667
chr13	9276757	9277507	251.966666667
chr13	9277508	9277776	244.45
chr13	9277777	9278478	241.116666667
chr13	9278479	9278482	234.483333333
chr13	9278483	9278582	234.516666667
chr13	9278583	9278623	234.516666667
chr13	9278624	9278763	234.533333333
chr13	9278764	9278855	226.666666667
chr13	9278856	9279275	223.983333333
chr13	9279276	9279451	223.266666667
chr13	9279452	9280125	206.5
chr13	9280126	9281240	175.466666667
chr13	9281241	9282246	173.066666667
chr13	9282247	9283554	174.033333333
chr13	9283555	9286216	139.616666667
chr13	9286217	9286608	116.383333333
chr13	9286609	9287283	109.433333333
chr13	9287284	9287568	109.4
chr13	9287569	9288080	105.4
chr13	9288081	9288367	108.116666667
chr13	9288368	9288452	123.883333333
chr13	9288453	9289096	132.466666667
chr13	9289097	9289934	137.366666667
chr13	9289935	9290376	136.7
chr13	9290377	9291113	135.133333333
chr13	9291114	9291783	130.2
chr13	9291784	9292287	124.966666667
chr13	9292288	9292429	118.333333333
chr13	9292430	9292638	116.733333333
chr13	9292639	9293849	105.6
chr13	9293850	9294434	118.533333333
chr13	9294435	9294569	118.566666667
chr13	9294570	9294805	118.566666667
chr13	9294806	9295081	118.533333333
chr13	9295082	9295628	118.5
chr13	9295629	9296097	118.5
chr13	9296098	9296296	119.483333333
chr13	9296297	9296381	149.583333333
chr13	9296382	9297003	176.65
chr13	9297004	9297154	175.4
chr13	9297155	9297189	174.85
chr13	9297190	9297983	177.05
chr13	9297984	9298045	187.683333333
chr13	9298046	9298865	185.683333333
chr13	9298866	9300118	189.4
chr13	9300119	9300660	217.433333333
chr13	9300661	9300818	263.916666667
chr13	9300819	9300850	277.783333333
chr13	9300851	9301532	283.016666667
chr13	9301533	9302948	274.866666667
chr13	9302949	9303072	259.1
chr13	9303073	9303250	248.666666667
chr13	9303251	9304107	228.233333333
chr13	9304108	9304247	220.566666667
chr13	9304248	9304655	227.066666667
chr13	9304656	9304834	228.1
chr13	9304835	9305183	228.1
chr13	9305184	9306306	228.1
chr13	9306307	9306323	224.033333333
chr13	9306324	9306584	208.4
chr13	9306585	9306710	195.466666667
chr13	9306711	9307777	195.533333333
chr13	9307778	9307799	195.533333333
chr13	9307800	9309043	195.533333333
chr13	9309044	9309682	195.533333333
chr13	9309683	9312020	195.633333333
chr13	9312021	9312238	194.633333333
chr13	9312239	9314929	164.533333333
chr13	9314930	9316072	134.3
chr13	9316073	9317079	148.133333333
chr13	9317080	9317344	155.783333333
chr13	9317345	9317417	153.916666667
chr13	9317418	9317461	143.35
chr13	9317462	9319454	144.533333333
chr13	9319455	9319865	136.433333333
chr13	9319866	9320571	113.966666667
chr13	9320572	9320889	67.4833333333
chr13	9320890	9321761	79.2666666667
chr13	9321762	9322105	126.566666667
chr13	9322106	9322145	163.183333333
chr13	9322146	9322603	163.883333333
chr13	9322604	9323423	164.25
chr13	9323424	9324410	164.95
chr13	9324411	9324448	175.633333333
chr13	9324449	9324505	169.566666667
chr13	9324506	9325097	199.9
chr13	9325098	9325357	215.583333333
chr13	9325358	9326137	215.583333333
chr13	9326138	9328385	215.0
chr13	9328386	9328467	213.833333333
chr13	9328468	9328897	213.833333333
chr13	9328898	9329146	213.733333333
chr13	9329147	9329617	213.733333333
chr13	9329618	9330087	213.733333333
chr13	9330088	9330703	213.733333333
chr13	9330704	9330733	213.633333333
chr13	9330734	9331958	213.633333333
chr13	9331959	9332365	224.583333333
chr13	9332366	9332987	241.75
chr13	9332988	9333252	242.583333333
chr13	9333253	9333503	237.633333333
chr13	9333504	9333972	239.666666667
chr13	9333973	9334071	241.866666667
chr13	9334072	9334130	257.516666667
chr13	9334131	9334278	251.316666667
chr13	9334279	9335375	265.85
chr13	9335376	9336010	285.55
chr13	9336011	9336502	259.9
chr13	9336503	9336640	206.083333333
chr13	9336641	9336760	174.766666667
chr13	9336761	9337204	178.533333333
chr13	9337205	9337905	179.1
chr13	9337906	9338102	178.4
chr13	9338103	9339680	167.916666667
chr13	9339681	9340625	191.916666667
chr13	9340626	9340726	194.116666667
chr13	9340727	9342579	184.966666667
chr13	9342580	9342856	185.466666667
chr13	9342857	9343502	185.483333333
chr13	9343503	9343605	185.483333333
chr13	9343606	9344201	185.483333333
chr13	9344202	9346083	185.483333333
chr13	9346084	9346266	185.483333333
chr13	9346267	9347139	196.05
chr13	9347140	9348179	204.216666667
chr13	9348180	9348384	208.266666667
chr13	9348385	9348538	209.833333333
chr13	9348539	9349531	200.366666667
chr13	9349532	9349677	183.433333333
chr13	9349678	9350443	168.433333333
chr13	9350444	9350668	165.733333333
chr13	9350669	9351424	163.366666667
chr13	9351425	9351724	162.633333333
chr13	9351725	9353197	153.666666667
chr13	9353198	9353218	152.0
chr13	9353219	9353429	133.366666667
chr13	9353430	9353440	113.7
chr13	9353441	9353893	130.933333333
chr13	9353894	9354320	137.283333333
chr13	9354321	9354502	132.783333333
chr13	9354503	9355284	128.383333333
chr13	9355285	9355395	127.516666667
chr13	9355396	9356197	127.516666667
chr13	9356198	9356409	130.383333333
chr13	9356410	9356754	114.966666667
chr13	9356755	9357273	84.5666666667
chr13	9357274	9357976	78.1
chr13	9357977	9358462	82.7666666667
chr13	9358463	9359384	82.8166666667
chr13	9359385	9360159	82.8166666667
chr13	9360160	9362090	82.8166666667
chr13	9362091	9363153	84.1833333333
chr13	9363154	9363238	91.5833333333
chr13	9363239	9363282	84.7166666667
chr13	9363283	9364460	76.55
chr13	9364461	9364478	72.5
chr13	9364479	9364672	73.6333333333
chr13	9364673	9364764	73.5
chr13	9364765	9365207	73.2666666667
chr13	9365208	9368388	73.2666666667
chr13	9368389	9369171	73.2666666667
chr13	9369172	9369182	73.2666666667
chr13	9369183	9369966	71.7333333333
chr13	9369967	9370034	63.8666666667
chr13	9370035	9370141	63.9833333333
chr13	9370142	9370317	62.7166666667
chr13	9370318	9371452	68.15
chr13	9371453	9372274	56.55
chr13	9372275	9374499	64.6833333333
chr13	9583324	9583755	54.5833333333
chr13	9583756	9583980	58.5666666667
chr13	9583981	9584367	58.9833333333
chr13	9584368	9584529	59.0166666667
chr13	9584530	9585484	57.2833333333
chr13	9585485	9587435	61.85
chr13	9587436	9587440	64.4833333333
chr13	9587441	9588269	66.6833333333
chr13	9588270	9588313	83.7166666667
chr13	9588314	9588491	83.7166666667
chr13	9588492	9589048	83.7166666667
chr13	9589049	9589340	83.7166666667
chr13	9589341	9589574	83.7166666667
chr13	9589575	9589864	83.7166666667
chr13	9589865	9590109	83.7166666667
chr13	9590110	9590364	68.75
chr13	9590365	9590680	61.2666666667
chr13	9590681	9591504	61.3333333333
chr13	9591505	9592234	61.4
chr13	9592235	9592727	62.15
chr13	9592728	9592959	67.4666666667
chr13	9592960	9593738	65.4
chr13	9593739	9593860	64.7333333333
chr13	9593861	9594371	65.2333333333
chr13	9594372	9594543	75.3333333333
chr13	9594544	9594708	85.6666666667
chr13	9594709	9594970	84.1166666667
chr13	9594971	9595144	81.25
chr13	9595145	9595729	69.55
chr13	9595730	9595789	60.0166666667
chr13	9595790	9596211	81.1333333333
chr13	9596212	9596240	101.866666667
chr13	9596241	9596373	101.583333333
chr13	9596374	9596600	101.616666667
chr13	9596601	9597607	100.483333333
chr13	9597608	9599524	95.9166666667
chr13	9599525	9599531	93.2833333333
chr13	9599532	9599748	91.0833333333
chr13	9599749	9601405	74.05
chr13	9601406	9602519	74.05
chr13	9602520	9602874	74.05
chr13	9602875	9603124	74.05
chr13	9603125	9604337	74.05
chr13	9604338	9604603	74.05
chr13	9604604	9604720	74.05
chr13	9604721	9605012	74.05
chr13	9605013	9605624	74.05
chr13	9605625	9606953	74.0166666667
chr13	9606954	9607350	74.4833333333
chr13	9607351	9608689	91.3166666667
chr13	9608690	9608711	85.9333333333
chr13	9608712	9609043	85.9333333333
chr13	9609044	9609200	85.3666666667
chr13	9609201	9609467	90.9333333333
chr13	9609468	9609528	83.8666666667
chr13	9609529	9609717	97.8
chr13	9609718	9609787	119.866666667
chr13	9609788	9609968	130.05
chr13	9609969	9610928	130.05
chr13	9610929	9610967	129.85
chr13	9610968	9611087	108.733333333
chr13	9611088	9611156	84.0166666667
chr13	9611157	9611969	83.8833333333
chr13	9611970	9612084	83.8166666667
chr13	9612085	9612540	83.8166666667
chr13	9612541	9612969	83.8166666667
chr13	9612970	9613013	83.8166666667
chr13	9613014	9613062	85.1166666667
chr13	9613063	9613297	86.3833333333
chr13	9613298	9614944	86.4166666667
chr13	9614945	9615598	86.85
chr13	9615599	9616815	86.85
chr13	9616816	9617053	86.8833333333
chr13	9617054	9617174	87.9666666667
chr13	9617175	9617199	91.5333333333
chr13	9617200	9617380	92.0333333333
chr13	9617381	9617652	97.9
chr13	9617653	9617765	101.0
chr13	9617766	9617783	116.366666667
chr13	9617784	9618113	100.9
chr13	9618114	9618171	100.9
chr13	9618172	9618260	112.866666667
chr13	9618261	9619359	124.166666667
chr13	9619360	9620463	136.933333333
chr13	9620464	9621395	142.4
chr13	9621396	9621737	118.133333333
chr13	9621738	9621816	106.833333333
chr13	9621817	9621905	111.066666667
chr13	9621906	9622745	134.3
chr13	9622746	9624110	150.15
chr13	9624111	9626880	151.983333333
chr13	9626881	9627215	151.983333333
chr13	9627216	9627347	151.983333333
chr13	9627348	9627506	151.983333333
chr13	9627507	9627941	154.216666667
chr13	9627942	9627963	155.333333333
chr13	9627964	9628637	155.333333333
chr13	9628638	9629281	154.05
chr13	9629282	9629478	153.283333333
chr13	9629479	9629784	166.6
chr13	9629785	9629822	185.3
chr13	9629823	9629891	185.3
chr13	9629892	9630436	185.266666667
chr13	9630437	9630443	220.85
chr13	9630444	9630642	237.666666667
chr13	9630643	9630760	239.466666667
chr13	9630761	9630790	233.633333333
chr13	9630791	9630854	230.5
chr13	9630855	9631172	214.6
chr13	9631173	9631227	215.1
chr13	9631228	9632118	215.1
chr13	9632119	9632504	203.133333333
chr13	9632505	9633107	191.833333333
chr13	9633108	9633377	173.0
chr13	9633378	9634219	164.5
chr13	9634220	9635308	171.8
chr13	9635309	9635378	161.633333333
chr13	9635379	9635398	147.816666667
chr13	9635399	9635487	124.583333333
chr13	9635488	9636464	108.733333333
chr13	9636465	9637869	106.9
chr13	9637870	9638720	106.9
chr13	9638721	9638729	106.9
chr13	9638730	9638738	106.9
chr13	9638739	9639038	110.266666667
chr13	9639039	9639137	121.266666667
chr13	9639138	9639349	159.1
chr13	9639350	9639572	164.633333333
chr13	9639573	9639600	164.183333333
chr13	9639601	9639821	150.833333333
chr13	9639822	9640743	131.7
chr13	9640744	9640753	131.7
chr13	9640754	9640873	133.366666667
chr13	9640874	9641648	99.0666666667
chr13	9641649	9642247	78.6833333333
chr13	9642248	9642254	76.8166666667
chr13	9642255	9642269	80.0166666667
chr13	9642270	9642361	90.25
chr13	9642362	9642382	127.033333333
chr13	9642383	9642759	171.2
chr13	9642760	9643000	171.233333333
chr13	9643001	9643404	171.233333333
chr13	9643405	9644015	202.2
chr13	9644016	9644882	233.166666667
chr13	9644883	9644905	233.166666667
chr13	9644906	9644924	228.666666667
chr13	9644925	9645007	251.333333333
chr13	9645008	9645515	264.15
chr13	9645516	9646004	266.283333333
chr13	9646005	9646865	266.466666667
chr13	9646866	9648762	266.466666667
chr13	9648763	9649538	266.466666667
chr13	9649539	9649803	266.466666667
chr13	9649804	9650491	266.466666667
chr13	9650492	9651109	266.1
chr13	9651110	9651260	253.983333333
chr13	9651261	9651392	240.716666667
chr13	9651393	9651434	249.733333333
chr13	9651435	9652738	265.05
chr13	9652739	9653102	270.35
chr13	9653103	9653590	271.05
chr13	9653591	9653993	275.983333333
chr13	9653994	9654981	275.866666667
chr13	9654982	9655170	273.5
chr13	9655171	9655995	273.5
chr13	9655996	9656119	273.066666667
chr13	9656120	9656131	269.833333333
chr13	9656132	9657678	284.133333333
chr13	9657679	9657773	249.35
chr13	9657774	9657926	210.216666667
chr13	9657927	9658006	210.183333333
chr13	9658007	9658214	210.183333333
chr13	9658215	9658485	179.25
chr13	9658486	9659826	153.266666667
chr13	9659827	9660125	153.433333333
chr13	9660126	9660394	150.633333333
chr13	9660395	9660689	127.366666667
chr13	9660690	9661081	115.316666667
chr13	9661082	9661225	114.55
chr13	9661226	9661261	115.95
chr13	9661262	9662290	118.216666667
chr13	9662291	9662630	118.216666667
chr13	9662631	9663469	118.216666667
chr13	9663470	9663531	118.216666667
chr13	9663532	9663677	112.983333333
chr13	9663678	9663993	121.616666667
chr13	9663994	9664974	106.633333333
chr13	9664975	9665082	92.1333333333
chr13	9665083	9666409	76.7666666667
chr13	9666410	9666743	71.4666666667
chr13	9666744	9666748	70.7666666667
chr13	9666749	9667017	66.0
chr13	9667018	9667353	64.5333333333
chr13	9667354	9667365	66.55
chr13	9667366	9668018	79.1166666667
chr13	9668019	9668655	85.8333333333
chr13	9668656	9668756	85.8333333333
chr13	9668757	9668804	61.4
chr13	9668805	9668820	59.4
chr13	9668821	9668843	54.9
chr13	9668844	9668900	59.4666666667
chr13	9668901	9670278	74.9
chr13	9670279	9670724	91.6
chr13	9670725	9671592	90.4833333333
chr13	9671593	9671996	92.5166666667
chr13	9671997	9672073	94.55
chr13	9672074	9672578	95.9166666667
chr13	9672579	9674513	95.15
chr13	9674514	9674894	93.7833333333
chr13	9674895	9675218	92.2
chr13	9675219	9676573	89.9333333333
chr13	9676574	9676579	89.9333333333
chr13	9676580	9677091	89.9333333333
chr13	9677092	9677145	89.9333333333
chr13	9677146	9678712	89.9333333333
chr13	9678713	9678774	81.3
chr13	9678775	9679199	71.7166666667
chr13	9679200	9680023	71.65
chr13	9680024	9680575	71.65
chr13	9680576	9680998	71.65
chr13	9680999	9681081	71.65
chr13	9681082	9683760	71.4833333333
chr13	9683761	9684203	71.4
chr13	9684204	9684418	83.7833333333
chr13	9684419	9684855	78.4166666667
chr13	9684856	9685703	89.2333333333
chr13	9685704	9686063	89.2666666667
chr13	9686064	9686071	89.1666666667
chr13	9686072	9686359	89.2333333333
chr13	9686360	9686381	86.1
chr13	9686382	9686675	81.5333333333
chr13	9686676	9687525	70.7666666667
chr13	9687526	9687847	86.4166666667
chr13	9687848	9688325	82.65
chr13	9688326	9689764	80.45
chr13	9689765	9689937	88.4166666667
chr13	9689938	9690344	87.05
chr13	9690345	9690881	86.45
chr13	9690882	9690974	86.45
chr13	9690975	9691427	86.45
chr13	9691428	9691726	86.45
chr13	9691727	9691815	86.45
chr13	9691816	9694335	86.45
chr13	9694336	9694419	86.45
chr13	9694420	9694843	86.45
chr13	9694844	9695305	86.45
chr13	9695306	9695642	86.45
chr13	9695643	9697346	86.45
chr13	9697347	9697503	86.45
chr13	9697504	9697675	86.45
chr13	9697676	9698201	86.45
chr13	9698202	9698217	86.5833333333
chr13	9698218	9698726	86.5833333333
chr13	9698727	9699325	82.1833333333
chr13	9699326	9699339	84.9833333333
chr13	9699340	9699407	88.45
chr13	9699408	9699656	88.41666666667
chr13	9699657	9699676	88.48333333333
chr13	9699677	9699870	83.0166666667
chr13	9699871	9700838	86.0
chr13	9700839	9700895	86.0666666667
chr13	9700896	9701160	81.4
chr13	9701161	9704026	88.3
chr13	9704027	9704188	88.36666666667
chr13	9704189	9704204	88.41666666667
chr13	9704205	9704621	88.45
chr13	9704622	9707280	81.4833333333
chr13	9707281	9707291	85.05
chr13	9707292	9707297	83.3166666667
chr13	9707298	9707327	88.1166666667
chr13	9707328	9707430	80.95
chr13	9707431	9707483	81.55
chr13	9707484	9707768	81.55
chr13	9707769	9707786	81.55
chr13	9707787	9708992	81.55
chr13	9708993	9711407	81.55
chr13	9711408	9712262	88.2833333333
chr13	9712263	9715658	81.65
chr13	9715659	9716284	41.65
chr13	9716285	9717628	41.65
chr13	9717629	9717930	41.65
chr13	9717931	9718057	41.5166666667
chr13	9718058	9718617	41.5166666667
chr13	9718618	9718763	41.5166666667
chr13	9718764	9720744	44.7666666667
chr13	9720745	9720790	45.2666666667
chr13	9720791	9721489	45.2666666667
chr13	9721490	9721949	45.2666666667
chr13	9721950	9722489	72.5833333333
chr13	9722490	9724061	94.4833333333
chr13	9724062	9724755	98.9166666667
chr13	9724756	9726000	142.45
chr13	9726001	9726487	161.683333333
chr13	9726488	9727747	161.566666667
chr13	9727748	9728007	162.15
chr13	9728008	9728043	164.0
chr13	9728044	9728127	162.016666667
chr13	9728128	9728285	158.45
chr13	9728286	9729057	172.116666667
chr13	9729058	9729794	179.65
chr13	9729795	9729851	179.75
chr13	9729852	9730446	180.3
chr13	9730447	9731042	180.3
chr13	9731043	9731226	180.5
chr13	9731227	9732061	180.6
chr13	9732062	9732083	181.183333333
chr13	9732084	9732127	174.483333333
chr13	9732128	9732643	171.116666667
chr13	9732644	9732992	171.116666667
chr13	9732993	9733063	171.116666667
chr13	9733064	9733755	172.516666667
chr13	9733756	9734119	192.316666667
chr13	9734120	9734142	211.783333333
chr13	9734143	9734515	224.266666667
chr13	9734516	9734940	237.733333333
chr13	9734941	9735125	237.266666667
chr13	9735126	9735503	240.533333333
chr13	9735504	9735510	243.8
chr13	9735511	9735581	215.55
chr13	9735582	9737047	195.2
chr13	9737048	9738001	191.083333333
chr13	9738002	9738033	147.55
chr13	9738034	9738186	130.866666667
chr13	9738187	9738231	131.783333333
chr13	9738232	9738236	134.85
chr13	9738237	9738441	137.6
chr13	9738442	9739448	143.8
chr13	9739449	9739584	143.8
chr13	9739585	9740737	121.866666667
chr13	9740738	9741048	109.533333333
chr13	9741049	9741326	106.6
chr13	9741327	9741515	105.45
chr13	9741516	9742044	105.45
chr13	9742045	9743540	105.25
chr13	9743541	9744721	105.15
chr13	9744722	9745847	110.75
chr13	9745848	9746312	118.2
chr13	9746313	9746586	123.5
chr13	9746587	9746601	123.666666667
chr13	9746602	9746922	123.666666667
chr13	9746923	9747470	122.266666667
chr13	9747471	9749101	104.4
chr13	9749102	9749200	85.9
chr13	9749201	9749297	73.95
chr13	9749298	9749306	57.4
chr13	9749307	9749315	74.2
chr13	9749316	9749706	70.9333333333
chr13	9749707	9749938	67.6
chr13	9749939	9750087	63.1333333333
chr13	9750088	9750128	65.4833333333
chr13	9750129	9750635	70.2333333333
chr13	9750636	9752228	73.0666666667
chr13	9752229	9753008	72.2166666667
chr13	9753009	9753186	71.55
chr13	9753187	9753656	72.9666666667
chr13	9753657	9753996	81.9166666667
chr13	9753997	9754589	85.2833333333
chr13	9754590	9756061	146.366666667
chr13	9756062	9757517	264.166666667
chr13	9757518	9758109	282.533333333
chr13	9758110	9758290	288.3
chr13	9758291	9759160	309.533333333
chr13	9759161	9759166	309.533333333
chr13	9759167	9759529	309.533333333
chr13	9759530	9760648	309.533333333
chr13	9760649	9760714	303.35
chr13	9760715	9761170	295.866666667
chr13	9761171	9761837	290.566666667
chr13	9761838	9762513	308.633333333
chr13	9762514	9763138	331.533333333
chr13	9763139	9763752	348.016666667
chr13	9763753	9764197	371.816666667
chr13	9764198	9764796	373.183333333
chr13	9764797	9767103	372.65
chr13	9767104	9767459	372.483333333
chr13	9767460	9767597	355.65
chr13	9767598	9767681	359.55
chr13	9767682	9768485	363.45
chr13	9768486	9768799	363.25
chr13	9768800	9769171	356.483333333
chr13	9769172	9769493	351.683333333
chr13	9769494	9769502	355.216666667
chr13	9769503	9769985	356.416666667
chr13	9769986	9770201	380.966666667
chr13	9770202	9770341	375.916666667
chr13	9770342	9770693	370.366666667
chr13	9770694	9771482	384.983333333
chr13	9771483	9771649	323.9
chr13	9771650	9772095	206.1
chr13	9772096	9772114	204.1
chr13	9772115	9772284	206.883333333
chr13	9772285	9772484	188.2
chr13	9772485	9773486	189.633333333
chr13	9773487	9773822	189.633333333
chr13	9773823	9774933	191.5
chr13	9774934	9775442	200.266666667
chr13	9775443	9775614	230.116666667
chr13	9775615	9775980	308.65
chr13	9775981	9777095	304.65
chr13	9777096	9777462	281.75
chr13	9777463	9777817	265.266666667
chr13	9777818	9778335	239.533333333
chr13	9778336	9778454	237.2
chr13	9778455	9778613	245.65
chr13	9778614	9779354	257.333333333
chr13	9779355	9779502	270.516666667
chr13	9779503	9780525	266.616666667
chr13	9780526	9780740	326.183333333
chr13	9780741	9781141	338.316666667
chr13	9781142	9781376	346.4
chr13	9781377	9782506	363.066666667
chr13	9782507	9785035	374.766666667
chr13	9785036	9785626	374.616666667
chr13	9785627	9785742	399.5
chr13	9785743	9785901	432.816666667
chr13	9785902	9786165	461.683333333
chr13	9786166	9786497	439.85
chr13	9786498	9787295	481.016666667
chr13	9787296	9788595	513.616666667
chr13	9788596	9789833	510.15
chr13	9789834	9790701	506.366666667
chr13	9790702	9790706	503.816666667
chr13	9790707	9791366	502.383333333
chr13	9791367	9791407	536.783333333
chr13	9791408	9791570	569.316666667
chr13	9791571	9791803	572.683333333
chr13	9791804	9792415	550.933333333
chr13	9792416	9792573	488.133333333
chr13	9792574	9792967	484.033333333
chr13	9792968	9793802	486.966666667
chr13	9793803	9795519	601.133333333
chr13	9795520	9795585	676.333333333
chr13	9795586	9795594	679.016666667
chr13	9795595	9795782	670.7
chr13	9795783	9796066	659.016666667
chr13	9796067	9796752	645.833333333
chr13	9796753	9797383	654.266666667
chr13	9797384	9797530	592.333333333
chr13	9797531	9797971	580.2
chr13	9797972	9798901	571.933333333
chr13	9798902	9800082	685.333333333
chr13	9800083	9800723	732.483333333
chr13	9800724	9801560	729.483333333
chr13	9801561	9802592	679.75
chr13	9802593	9802707	646.366666667
chr13	9802708	9803106	619.633333333
chr13	9803107	9804230	632.483333333
chr13	9804231	9804490	617.283333333
chr13	9804491	9804567	595.933333333
chr13	9804568	9805044	583.033333333
chr13	9805045	9805224	578.266666667
chr13	9805225	9805477	578.266666667
chr13	9805478	9805854	578.266666667
chr13	9805855	9806123	544.033333333
chr13	9806124	9806413	614.65
chr13	9806414	9806574	631.133333333
chr13	9806575	9806732	623.7
chr13	9806733	9807506	607.966666667
chr13	9807507	9807829	597.833333333
chr13	9807830	9807840	598.7
chr13	9807841	9808983	498.966666667
chr13	9808984	9810065	425.233333333
chr13	9810066	9810110	437.016666667
chr13	9810111	9811135	448.933333333
chr13	9811136	9811363	452.166666667
chr13	9811364	9811397	452.166666667
chr13	9811398	9811412	455.5
chr13	9811413	9811632	519.266666667
chr13	9811633	9812788	565.3
chr13	9812789	9814538	568.316666667
chr13	9814539	9815054	555.883333333
chr13	9815055	9815721	573.583333333
chr13	9815722	9815773	586.183333333
chr13	9815774	9817453	631.333333333
chr13	9817454	9818088	632.3
chr13	9818089	9818278	622.133333333
chr13	9818279	9818602	627.816666667
chr13	9818603	9819201	623.05
chr13	9819202	9820237	612.933333333
chr13	9820238	9820495	679.0
chr13	9820496	9820643	727.2
chr13	9820644	9820684	727.5
chr13	9820685	9820696	727.5
chr13	9820697	9821057	727.333333333
chr13	9821058	9822066	622.316666667
chr13	9822067	9823567	593.7
chr13	9823568	9824755	593.033333333
chr13	9824756	9825691	593.033333333
chr13	9825692	9826137	716.3
chr13	9826138	9826204	835.766666667
chr13	9826205	9826401	859.8
chr13	9826402	9826451	882.45
chr13	9826452	9826858	877.483333333
chr13	9826859	9827285	898.233333333
chr13	9827286	9827536	957.35
chr13	9827537	9827835	957.35
chr13	9827836	9828427	1018.61666667
chr13	9828428	9828535	998.533333333
chr13	9828536	9828845	954.333333333
chr13	9828846	9828985	968.016666667
chr13	9828986	9829299	870.983333333
chr13	9829300	9829720	796.133333333
chr13	9829721	9829732	783.6
chr13	9829733	9830335	757.716666667
chr13	9830336	9830908	860.183333333
chr13	9830909	9830960	969.183333333
chr13	9830961	9831316	951.633333333
chr13	9831317	9831384	1023.21666667
chr13	9831385	9832653	1241.01666667
chr13	9832654	9832758	1224.01666667
chr13	9832759	9833535	1197.13333333
chr13	9833536	9834602	1198.23333333
chr13	9834603	9834823	1198.23333333
chr13	9834824	9835029	1198.23333333
chr13	9835030	9835291	1206.06666667
chr13	9835292	9836554	1219.3
chr13	9836555	9837571	1220.31666667
chr13	9837572	9837580	1220.31666667
chr13	9837581	9838508	1097.05
chr13	9838509	9838921	1039.11666667
chr13	9838922	9839955	1040.33333333
chr13	9839956	9842298	1030.8
chr13	9842299	9842980	1084.26666667
chr13	9842981	9843826	1106.3
chr13	9843827	9843873	1044.08333333
chr13	9843874	9845005	1044.08333333
chr13	9845006	9845172	971.05
chr13	9845173	9845418	974.733333333
chr13	9845419	9845596	1026.5
chr13	9845597	9845610	1010.56666667
chr13	9845611	9845897	989.633333333
chr13	9845898	9846242	981.566666667
chr13	9846243	9846549	990.5
chr13	9846550	9847684	980.266666667
chr13	9847685	9849194	876.833333333
chr13	9849195	9850232	777.333333333
chr13	9850233	9850979	774.116666667
chr13	9850980	9851021	681.333333333
chr13	9851022	9851550	462.4
chr13	9851551	9852058	413.333333333
chr13	9852059	9852194	392.016666667
chr13	9852195	9852297	407.116666667
chr13	9852298	9853579	420.366666667
chr13	9853580	9853941	421.583333333
chr13	9853942	9854754	427.416666667
chr13	9854755	9854764	434.716666667
chr13	9854765	9854815	447.716666667
chr13	9854816	9855405	455.566666667
chr13	9855406	9855459	528.9
chr13	9855460	9855883	475.55
chr13	9855884	9856097	436.6
chr13	9856098	9856945	422.183333333
chr13	9856946	9857076	359.483333333
chr13	9857077	9857462	304.8
chr13	9857463	9857815	304.7
chr13	9857816	9857877	348.333333333
chr13	9857878	9858094	375.466666667
chr13	9858095	9858591	337.0
chr13	9858592	9863087	284.2
chr13	9863088	9864355	285.85
chr13	9864356	9864389	291.65
chr13	9864390	9864961	298.116666667
chr13	9864962	9865180	289.55
chr13	9865181	9865555	289.516666667
chr13	9865556	9868189	297.416666667
chr13	9868190	9868454	296.316666667
chr13	9868455	9868511	302.416666667
chr13	9868512	9868518	305.666666667
chr13	9868519	9868799	305.933333333
chr13	9868800	9868811	305.933333333
chr13	9868812	9868922	305.933333333
chr13	9868923	9869330	289.433333333
chr13	9869331	9869452	276.183333333
chr13	9869453	9869766	275.433333333
chr13	9869767	9872024	317.016666667
chr13	9872025	9872646	319.4
chr13	9872647	9872754	335.283333333
chr13	9872755	9872911	328.966666667
chr13	9872912	9873897	261.333333333
chr13	9873898	9875268	263.466666667
chr13	9875269	9875836	267.033333333
chr13	9875837	9875979	267.6
chr13	9875980	9877448	268.816666667
chr13	9877449	9877538	275.216666667
chr13	9877539	9877601	329.25
chr13	9877602	9878064	392.083333333
chr13	9878065	9878740	406.216666667
chr13	9878741	9879657	402.966666667
chr13	9879658	9879848	516.933333333
chr13	9879849	9880699	575.5
chr13	9880700	9881891	580.85
chr13	9881892	9882077	580.383333333
chr13	9882078	9883191	590.333333333
chr13	9883192	9884050	582.05
chr13	9884051	9884795	574.55
chr13	9884796	9884829	569.083333333
chr13	9884830	9884883	573.583333333
chr13	9884884	9885729	574.9
chr13	9885730	9888214	578.016666667
chr13	9888215	9888266	578.316666667
chr13	9888267	9888531	585.05
chr13	9888532	9888919	588.533333333
chr13	9888920	9889978	588.766666667
chr13	9889979	9890716	588.3
chr13	9890717	9892604	537.483333333
chr13	9892605	9892938	522.033333333
chr13	9892939	9893280	498.933333333
chr13	9893281	9894282	497.666666667
chr13	9894283	9896009	492.233333333
chr13	9896010	9896129	481.3
chr13	9896130	9896460	477.433333333
chr13	9896461	9899216	481.866666667
chr13	9899217	9899983	486.716666667
chr13	9899984	9900340	481.233333333
chr13	9900341	9900578	427.166666667
chr13	9900579	9900934	320.7
chr13	9900935	9901283	279.633333333
chr13	9901284	9901521	291.216666667
chr13	9901522	9901539	182.316666667
chr13	9901540	9901782	133.1
chr13	9901783	9902923	166.783333333
chr13	9902924	9903108	180.633333333
chr13	9903109	9904890	181.516666667
chr13	9904891	9905398	183.116666667
chr13	9905399	9906301	182.75
chr13	9906302	9906458	179.85
chr13	9906459	9906847	197.85
chr13	9906848	9907234	210.383333333
chr13	9907235	9907365	220.033333333
chr13	9907366	9907460	252.416666667
chr13	9907461	9907566	248.116666667
chr13	9907567	9907665	247.733333333
chr13	9907666	9908576	269.833333333
chr13	9908577	9909199	275.883333333
chr13	9909200	9909651	283.016666667
chr13	9909652	9909858	275.983333333
chr13	9909859	9911288	269.183333333
chr13	9911289	9911519	268.916666667
chr13	9911520	9912772	271.65
chr13	9912773	9913484	315.033333333
chr13	9913485	9913500	347.416666667
chr13	9913501	9914581	363.6
chr13	9914582	9916664	357.266666667
chr13	9916665	9916895	356.2
chr13	9916896	9917071	360.066666667
chr13	9917072	9917089	530.266666667
chr13	9917090	9918674	612.066666667
chr13	9918675	9919679	635.016666667
chr13	9919680	9920218	630.583333333
chr13	9920219	9920479	618.816666667
chr13	9920480	9920840	573.983333333
chr13	9920841	9923290	554.133333333
chr13	9923291	9923572	542.833333333
chr13	9923573	9924209	540.516666667
chr13	9924210	9925171	540.483333333
chr13	9925172	9926420	556.233333333
chr13	9926421	9926721	527.466666667
chr13	9926722	9927260	510.366666667
chr13	9927261	9927878	497.333333333
chr13	9927879	9928060	464.65
chr13	9928061	9928563	462.25
chr13	9928564	9928573	459.616666667
chr13	9928574	9930496	441.9
chr13	9930497	9930699	436.383333333
chr13	9930700	9931205	424.816666667
chr13	9931206	9931537	424.383333333
chr13	9931538	9931794	425.016666667
chr13	9931795	9931968	427.35
chr13	9931969	9932268	424.85
chr13	9932269	9932385	378.283333333
chr13	9932386	9933147	345.466666667
chr13	9933148	9933315	324.116666667
chr13	9933316	9933596	325.15
chr13	9933597	9933715	347.3
chr13	9933716	9934103	347.566666667
chr13	9934104	9935002	200.5
chr13	9935003	9935237	130.083333333
chr13	9935238	9936399	88.4
chr13	9936400	9936584	86.9666666667
chr13	9936585	9937186	87.3333333333
chr13	9937187	9937346	87.5166666667
chr13	9937347	9937467	87.5166666667
chr13	9937468	9938222	99.3166666667
chr13	9938223	9939005	105.216666667
chr13	9939006	9939420	105.216666667
chr13	9939421	9939470	95.3666666667
chr13	9939471	9939535	98.3333333333
chr13	9939536	9940251	98.3333333333
chr13	9940252	9941135	99.45
chr13	9941136	9941202	100.516666667
chr13	9941203	9941488	101.816666667
chr13	9941489	9941802	127.366666667
chr13	9941803	9941959	124.05
chr13	9941960	9942751	251.016666667
chr13	9942752	9943123	328.966666667
chr13	9943124	9943450	332.0
chr13	9943451	9943532	331.366666667
chr13	9943533	9943687	329.033333333
chr13	9943688	9943961	328.533333333
chr13	9943962	9944296	328.533333333
chr13	9944297	9944466	328.533333333
chr13	9944467	9945936	338.466666667
chr13	9945937	9946316	348.866666667
chr13	9946317	9946601	326.716666667
chr13	9946602	9946780	322.583333333
chr13	9946781	9947349	299.516666667
chr13	9947350	9948959	287.933333333
chr13	9948960	9949119	288.5
chr13	9949120	9949287	288.5
chr13	9949288	9950154	288.133333333
chr13	9950155	9950424	287.95
chr13	9950425	9950481	287.95
chr13	9950482	9950970	313.283333333
chr13	9950971	9951035	331.4
chr13	9951036	9951066	337.466666667
chr13	9951067	9951155	365.433333333
chr13	9951156	9951679	385.166666667
chr13	9951680	9951751	406.5
chr13	9951752	9951801	475.116666667
chr13	9951802	9952796	503.6
chr13	9952797	9953257	502.516666667
chr13	9953258	9953583	476.833333333
chr13	9953584	9954996	475.716666667
chr13	9954997	9955164	350.816666667
chr13	9955165	9955764	273.1
chr13	9955765	9956085	283.766666667
chr13	9956086	9956443	309.433333333
chr13	9956444	9956798	321.666666667
chr13	9956799	9957828	321.666666667
chr13	9957829	9958133	321.666666667
chr13	9958134	9958663	321.7
chr13	9958664	9958713	317.116666667
chr13	9958714	9962160	305.95
chr13	9962161	9962219	306.2
chr13	9962220	9962724	309.15
chr13	9962725	9963233	309.083333333
chr13	9963234	9963247	309.083333333
chr13	9963248	9963648	308.483333333
chr13	9963649	9964297	308.483333333
chr13	9964298	9964333	308.483333333
chr13	9964334	9964588	308.483333333
chr13	9964589	9965383	403.016666667
chr13	9965384	9966610	413.45
chr13	9966611	9966792	416.633333333
chr13	9966793	9967298	424.166666667
chr13	9967299	9967375	393.033333333
chr13	9967376	9968128	373.1
chr13	9968129	9968786	351.766666667
chr13	9968787	9969898	282.033333333
chr13	9969899	9972399	255.583333333
chr13	9972400	9972422	354.266666667
chr13	9972423	9972755	373.816666667
chr13	9972756	9973764	375.016666667
chr13	9973765	9973819	372.616666667
chr13	9973820	9974662	383.05
chr13	9974663	9974670	380.016666667
chr13	9974671	9974702	354.35
chr13	9974703	9976676	342.283333333
chr13	9976677	9976839	342.366666667
chr13	9976840	9977805	342.366666667
chr13	9977806	9977951	342.333333333
chr13	9977952	9978107	336.983333333
chr13	9978108	9978410	336.716666667
chr13	9978411	9978904	336.833333333
chr13	9978905	9979277	334.066666667
chr13	9979278	9979651	344.633333333
chr13	9979652	9980127	345.6
chr13	9980128	9981258	362.1
chr13	9981259	9981350	371.2
chr13	9981351	9982186	372.9
chr13	9982187	9982773	372.9
chr13	9982774	9982888	278.366666667
chr13	9982889	9982990	295.4
chr13	9982991	9984126	270.283333333
chr13	9984127	9984144	257.916666667
chr13	9984145	9985768	255.15
chr13	9985769	9985806	252.383333333
chr13	9985807	9985889	252.383333333
chr13	9985890	9986074	252.383333333
chr13	9986075	9987019	249.383333333
chr13	9987020	9987804	150.55
chr13	9987805	9987937	153.483333333
chr13	9987938	9988218	166.233333333
chr13	9988219	9989303	265.166666667
chr13	9989304	9989799	348.666666667
chr13	9989800	9989876	343.133333333
chr13	9989877	9989895	420.966666667
chr13	9989896	9990563	427.883333333
chr13	9990564	9991523	428.066666667
chr13	9991524	9991559	428.266666667
chr13	9991560	9991642	428.266666667
chr13	9991643	9991654	428.266666667
chr13	9991655	9991674	428.266666667
chr13	9991675	9991935	427.9
chr13	9991936	9992059	427.716666667
chr13	9992060	9992180	417.15
chr13	9992181	9993946	416.183333333
chr13	9993947	9994080	399.683333333
chr13	9994081	9994624	390.583333333
chr13	9994625	9995342	388.883333333
chr13	9995343	9996600	388.883333333
chr13	9996601	9996796	388.883333333
chr13	9996797	9999009	324.283333333
chr13	9999010	10001137	322.2
chr13	10001138	10001581	320.966666667
chr13	10001582	10002394	320.966666667
chr13	10002395	10002653	320.966666667
chr13	10002654	10003546	320.966666667
chr13	10003547	10003778	320.966666667
chr13	10003779	10003822	320.866666667
chr13	10003823	10003911	320.766666667
chr13	10003912	10003978	297.95
chr13	10003979	10004570	283.816666667
chr13	10004571	10004707	184.683333333
chr13	10004708	10004822	90.5166666667
chr13	10004823	10005091	85.3833333333
chr13	10005092	10005219	7.55
chr13	10005220	10005601	0.466666666667
chr13	10005602	10005649	0.2
chr13	10005650	10006202	20.5333333333
chr13	10006203	10006262	32.6666666667
chr13	10006263	10006482	36.3666666667
chr13	10006483	10006897	38.1166666667
chr13	10006898	10006941	41.4833333333
chr13	10006942	10007256	41.4833333333
chr13	10007257	10007343	41.5666666667
chr13	10007344	10007731	59.75
chr13	10007732	10007792	70.45
chr13	10007793	10008534	86.15
chr13	10008535	10008746	96.7333333333
chr13	10008747	10008996	99.5
chr13	10008997	10009081	99.5
chr13	10009082	10009151	101.7
chr13	10009152	10009159	105.5
chr13	10009160	10009458	106.3
chr13	10009459	10010452	106.3
chr13	10010453	10010572	110.2
chr13	10010573	10011056	112.8
chr13	10011057	10011094	114.1
chr13	10011095	10011244	114.1
chr13	10011245	10011663	114.1
chr13	10011664	10012947	114.1
chr13	10012948	10013517	178.233333333
chr13	10013518	10013571	217.166666667
chr13	10013572	10014787	229.316666667
chr13	10014788	10016357	230.616666667
chr13	10016358	10016732	231.283333333
chr13	10016733	10019012	244.25
chr13	10019013	10019218	244.383333333
chr13	10019219	10020020	224.616666667
chr13	10020021	10020398	222.733333333
chr13	10020399	10020632	239.6
chr13	10020633	10021398	243.416666667
chr13	10021399	10021583	244.3
chr13	10021584	10022141	263.85
chr13	10022142	10022162	271.233333333
chr13	10022163	10022214	253.9
chr13	10022215	10022247	244.766666667
chr13	10022248	10022834	229.716666667
chr13	10022835	10023616	219.133333333
chr13	10023617	10023938	216.366666667
chr13	10023939	10024267	216.366666667
chr13	10024268	10025217	214.166666667
chr13	10025218	10025275	214.266666667
chr13	10025276	10025918	215.416666667
chr13	10025919	10026871	215.416666667
chr13	10026872	10027027	211.516666667
chr13	10027028	10027832	208.916666667
chr13	10027833	10030417	207.616666667
chr13	10030418	10030782	207.616666667
chr13	10030783	10031338	207.616666667
chr13	10031339	10033308	207.616666667
chr13	10033309	10033431	143.483333333
chr13	10033432	10034817	104.55
chr13	10034818	10034822	92.4
chr13	10034823	10035149	91.1
chr13	10035150	10035827	90.4333333333
chr13	10035828	10036420	77.4666666667
chr13	10036421	10036680	77.3333333333
chr13	10036681	10037799	76.6666666667
chr13	10037800	10038248	66.6166666667
chr13	10038249	10038520	46.05
chr13	10038521	10038704	40.4833333333
chr13	10038705	10038935	36.25
chr13	10038936	10039140	16.7333333333
chr13	10039141	10039800	17.3
chr13	10039801	10039818	128.083333333
chr13	10039819	10039939	223.35
chr13	10039940	10040046	271.55
chr13	10040047	10040266	328.216666667
chr13	10040267	10040340	328.216666667
chr13	10040341	10040411	328.316666667
chr13	10040412	10040522	333.55
chr13	10040523	10040913	331.283333333
chr13	10040914	10042087	329.333333333
chr13	10042088	10042253	331.1
chr13	10042254	10042384	340.75
chr13	10042385	10042919	368.833333333
chr13	10042920	10044680	391.366666667
chr13	10044681	10044715	533.266666667
chr13	10044716	10044940	605.083333333
chr13	10044941	10044952	643.35
chr13	10044953	10046945	675.316666667
chr13	10046946	10047282	684.316666667
chr13	10047283	10047558	684.383333333
chr13	10047559	10048119	688.566666667
chr13	10048120	10049466	690.466666667
chr13	10049467	10049652	690.466666667
chr13	10049653	10049745	702.366666667
chr13	10049746	10049887	708.766666667
chr13	10049888	10049928	708.6
chr13	10049929	10050098	748.433333333
chr13	10050099	10050596	842.516666667
chr13	10050597	10050895	1024.5
chr13	10050896	10051272	1025.2
chr13	10051273	10053296	1017.16666667
chr13	10053297	10053598	905.533333333
chr13	10053599	10053679	808.7
chr13	10053680	10054192	759.883333333
chr13	10054193	10054199	706.8
chr13	10054200	10054986	708.4
chr13	10054987	10055059	708.3
chr13	10055060	10055330	703.066666667
chr13	10055331	10056988	701.433333333
chr13	10056989	10057019	701.433333333
chr13	10057020	10057746	701.316666667
chr13	10057747	10057990	732.816666667
chr13	10057991	10058794	762.133333333
chr13	10058795	10060000	766.816666667
chr13	10060001	10060940	624.916666667
chr13	10060941	10060944	553.1
chr13	10060945	10060979	514.833333333
chr13	10060980	10061130	482.866666667
chr13	10061131	10061575	473.866666667
chr13	10061576	10062944	473.8
chr13	10062945	10063159	472.966666667
chr13	10063160	10063220	494.2
chr13	10063221	10063643	505.666666667
chr13	10063644	10063883	541.916666667
chr13	10063884	10063910	535.55
chr13	10063911	10064247	542.616666667
chr13	10064248	10064791	503.883333333
chr13	10064792	10065067	409.8
chr13	10065068	10065842	227.8
chr13	10065843	10066071	227.583333333
chr13	10066072	10066417	228.55
chr13	10066418	10066452	228.55
chr13	10066453	10067225	228.583333333
chr13	10067226	10067320	264.916666667
chr13	10067321	10067335	271.45
chr13	10067336	10067830	271.283333333
chr13	10067831	10068012	280.05
chr13	10068013	10068950	293.166666667
chr13	10068951	10069619	335.433333333
chr13	10069620	10069966	378.066666667
chr13	10069967	10070388	381.483333333
chr13	10070389	10070718	381.683333333
chr13	10070719	10070737	331.35
chr13	10070738	10070760	307.433333333
chr13	10070761	10071893	307.433333333
chr13	10071894	10072109	307.433333333
chr13	10072110	10072245	310.1
chr13	10072246	10072329	312.766666667
chr13	10072330	10072475	357.05
chr13	10072476	10072954	357.05
chr13	10072955	10073232	353.7
chr13	10073233	10073309	330.566666667
chr13	10073310	10073803	319.1
chr13	10073804	10074033	270.95
chr13	10074034	10074234	282.316666667
chr13	10074235	10074387	288.7
chr13	10074388	10074710	314.966666667
chr13	10074711	10075476	315.0
chr13	10075477	10076006	315.5
chr13	10076007	10077781	315.95
chr13	10077782	10077898	383.1
chr13	10077899	10078249	426.433333333
chr13	10078250	10078640	426.4
chr13	10078641	10078995	400.3
chr13	10078996	10079014	412.95
chr13	10079015	10079061	430.116666667
chr13	10079062	10079083	499.416666667
chr13	10079084	10079206	525.716666667
chr13	10079207	10079247	488.616666667
chr13	10079248	10079386	450.383333333
chr13	10079387	10080020	445.316666667
chr13	10080021	10080178	403.966666667
chr13	10080179	10080223	396.9
chr13	10080224	10080727	393.6
chr13	10080728	10080894	393.6
chr13	10080895	10081155	414.733333333
chr13	10081156	10081349	432.716666667
chr13	10081350	10081479	469.25
chr13	10081480	10082815	488.75
chr13	10082816	10083406	489.05
chr13	10083407	10083729	491.683333333
chr13	10083730	10083747	544.033333333
chr13	10083748	10085627	593.283333333
chr13	10085628	10086078	593.65
chr13	10086079	10088044	582.15
chr13	10088045	10089680	573.766666667
chr13	10089681	10089701	546.4
chr13	10089702	10090712	546.366666667
chr13	10090713	10090734	545.866666667
chr13	10090735	10091405	544.9
chr13	10091406	10091872	476.783333333
chr13	10091873	10092653	455.333333333
chr13	10092654	10092708	455.333333333
chr13	10092709	10092937	446.266666667
chr13	10092938	10092950	432.766666667
chr13	10092951	10092976	452.566666667
chr13	10092977	10093630	375.166666667
chr13	10093631	10093921	335.75
chr13	10093922	10094294	400.15
chr13	10094295	10094624	398.316666667
chr13	10094625	10095547	398.316666667
chr13	10095548	10096169	581.916666667
chr13	10096170	10096175	651.6
chr13	10096176	10096198	654.3
chr13	10096199	10096600	654.3
chr13	10096601	10097016	643.166666667
chr13	10097017	10097361	682.383333333
chr13	10097362	10097402	643.65
chr13	10097403	10097500	579.866666667
chr13	10097501	10098255	579.566666667
chr13	10098256	10098679	576.933333333
chr13	10098680	10098896	525.583333333
chr13	10098897	10099571	481.166666667
chr13	10099572	10099666	505.116666667
chr13	10099667	10099829	551.016666667
chr13	10099830	10100489	546.083333333
chr13	10100490	10101692	546.083333333
chr13	10101693	10102757	546.083333333
chr13	10102758	10104059	546.083333333
chr13	10104060	10104272	556.216666667
chr13	10104273	10105159	561.683333333
chr13	10105160	10105761	568.45
chr13	10105762	10105870	579.65
chr13	10105871	10106190	581.25
chr13	10106191	10106909	572.016666667
chr13	10106910	10107024	533.616666667
chr13	10107025	10108040	532.95
chr13	10108041	10108169	533.15
chr13	10108170	10109520	463.816666667
chr13	10109521	10111254	639.15
chr13	10111255	10111392	662.516666667
chr13	10111393	10111762	479.45
chr13	10111763	10111930	411.166666667
chr13	10111931	10112146	483.55
chr13	10112147	10113070	484.683333333
chr13	10113071	10114214	494.283333333
chr13	10114215	10115364	462.6
chr13	10115365	10116602	483.1
chr13	10116603	10118067	506.466666667
chr13	10118068	10118229	541.466666667
chr13	10118230	10118249	542.266666667
chr13	10118250	10118495	541.266666667
chr13	10118496	10119833	536.466666667
chr13	10119834	10120629	512.166666667
chr13	10120630	10121044	466.266666667
chr13	10121045	10121231	466.1
chr13	10121232	10122603	467.316666667
chr13	10122604	10122904	467.683333333
chr13	10122905	10124678	475.7
chr13	10124679	10124894	480.666666667
chr13	10124895	10124925	480.233333333
chr13	10124926	10125124	453.25
chr13	10125125	10125381	479.416666667
chr13	10125382	10125386	531.166666667
chr13	10125387	10125589	535.916666667
chr13	10125590	10125703	536.016666667
chr13	10125704	10126140	536.016666667
chr13	10126141	10126226	548.85
chr13	10126227	10126778	557.866666667
chr13	10126779	10127428	403.15
chr13	10127429	10127573	459.183333333
chr13	10127574	10130068	481.25
chr13	10130069	10131249	508.75
chr13	10131250	10131605	468.233333333
chr13	10131606	10131722	467.1
chr13	10131723	10132479	447.5
chr13	10132480	10132684	419.316666667
chr13	10132685	10132913	398.35
chr13	10132914	10133064	374.983333333
chr13	10133065	10134232	414.15
chr13	10134233	10134906	513.283333333
chr13	10134907	10136009	534.183333333
chr13	10136010	10137218	544.416666667
chr13	10137219	10137555	630.066666667
chr13	10137556	10138843	630.066666667
chr13	10138844	10140101	722.533333333
chr13	10140102	10140898	767.55
chr13	10140899	10141605	773.95
chr13	10141606	10141654	814.883333333
chr13	10141655	10142014	806.95
chr13	10142015	10142026	841.233333333
chr13	10142027	10142142	872.866666667
chr13	10142143	10142165	904.516666667
chr13	10142166	10142669	940.166666667
chr13	10142670	10143205	1174.7
chr13	10143206	10143593	1237.0
chr13	10143594	10143812	1334.96666667
chr13	10143813	10144095	1488.43333333
chr13	10144096	10144384	1513.5
chr13	10144385	10144388	1490.31666667
chr13	10144389	10144568	1410.91666667
chr13	10144569	10145586	1388.31666667
chr13	10145587	10146183	1359.41666667
chr13	10146184	10146798	1584.71666667
chr13	10146799	10147098	1808.58333333
chr13	10147099	10147776	1837.51666667
chr13	10147777	10148234	1837.51666667
chr13	10148235	10148778	1877.25
chr13	10148779	10151004	2013.65
chr13	10151005	10151736	2024.86666667
chr13	10151737	10152860	2009.46666667
chr13	10152861	10154535	2117.68333333
chr13	10154536	10154833	2202.35
chr13	10154834	10155204	2195.51666667
chr13	10155205	10155642	2284.43333333
chr13	10155643	10155750	2240.36666667
chr13	10155751	10156722	2296.98333333
chr13	10156723	10158088	2553.85
chr13	10158089	10160592	2531.85
chr13	10160593	10160968	2526.28333333
chr13	10160969	10163905	2610.93333333
chr13	10163906	10163910	2606.43333333
chr13	10163911	10164124	2537.41666667
chr13	10164125	10164511	2447.21666667
chr13	10164512	10165380	2322.63333333
chr13	10165381	10165553	2368.31666667
chr13	10165554	10165846	2319.05
chr13	10165847	10166267	2174.61666667
chr13	10166268	10166725	2144.93333333
chr13	10166726	10167034	2144.93333333
chr13	10167035	10167263	2163.3
chr13	10167264	10168110	2280.88333333
chr13	10168111	10169608	2387.56666667
chr13	10169609	10170121	2182.56666667
chr13	10170122	10171712	1958.7
chr13	10171713	10172167	1982.2
chr13	10172168	10172215	2052.36666667
chr13	10172216	10172380	2019.96666667
chr13	10172381	10172507	1924.23333333
chr13	10172508	10173506	1873.38333333
chr13	10173507	10174276	1789.75
chr13	10174277	10174781	1660.63333333
chr13	10174782	10175802	1565.7
chr13	10175803	10176088	1486.86666667
chr13	10176089	10176155	1397.95
chr13	10176156	10176369	1349.55
chr13	10176370	10177729	1246.7
chr13	10177730	10179539	983.066666667
chr13	10179540	10179621	956.116666667
chr13	10179622	10179700	954.516666667
chr13	10179701	10179776	830.55
chr13	10179777	10180073	801.75
chr13	10180074	10180175	900.6
chr13	10180176	10180308	1009.16666667
chr13	10180309	10180577	903.416666667
chr13	10180578	10181906	800.966666667
chr13	10181907	10182100	762.3
chr13	10182101	10182259	760.5
chr13	10182260	10182566	784.533333333
chr13	10182567	10182693	797.733333333
chr13	10182694	10182887	793.4
chr13	10182888	10183046	676.016666667
chr13	10183047	10183256	569.333333333
chr13	10183257	10183357	514.466666667
chr13	10183358	10183490	514.466666667
chr13	10183491	10183621	462.033333333
chr13	10183622	10183752	446.4
chr13	10183753	10184374	484.766666667
chr13	10184375	10185599	453.1
chr13	10185600	10186411	478.633333333
chr13	10186412	10186584	529.7
chr13	10186585	10186715	555.683333333
chr13	10186716	10186926	555.683333333
chr13	10186927	10186976	576.116666667
chr13	10186977	10187091	586.75
chr13	10187092	10187806	586.75
chr13	10187807	10187944	586.75
chr13	10187945	10188109	608.783333333
chr13	10188110	10188235	619.883333333
chr13	10188236	10188778	767.583333333
chr13	10188779	10188786	906.816666667
chr13	10188787	10188934	961.516666667
chr13	10188935	10189303	1032.16666667
chr13	10189304	10189775	1158.7
chr13	10189776	10190642	1261.66666667
chr13	10190643	10190658	1387.0
chr13	10190659	10191498	1379.3
chr13	10191499	10192707	1359.03333333
chr13	10192708	10193287	1330.36666667
chr13	10193288	10193331	1351.03333333
chr13	10193332	10193445	1353.98333333
chr13	10193446	10193858	1353.78333333
chr13	10193859	10193888	1353.8
chr13	10193889	10195924	1353.8
chr13	10195925	10197106	1591.71666667
chr13	10197107	10197157	1765.56666667
chr13	10197158	10197601	1795.75
chr13	10197602	10197701	1877.78333333
chr13	10197702	10197901	1871.25
chr13	10197902	10198360	1812.66666667
chr13	10198361	10200901	1799.56666667
chr13	10200902	10201057	1870.08333333
chr13	10201058	10201303	2052.31666667
chr13	10201304	10201549	2142.38333333
chr13	10201550	10201763	2131.75
chr13	10201764	10202387	2248.01666667
chr13	10202388	10202464	2281.41666667
chr13	10202465	10202984	2259.38333333
chr13	10202985	10203148	2248.91666667
chr13	10203149	10204676	2101.65
chr13	10204677	10204829	1962.41666667
chr13	10204830	10205414	1907.71666667
chr13	10205415	10205445	1738.21666667
chr13	10205446	10206569	1503.11666667
chr13	10206570	10206842	1391.16666667
chr13	10206843	10206960	1260.2
chr13	10206961	10206973	1272.03333333
chr13	10206974	10207489	1286.2
chr13	10207490	10207543	1286.2
chr13	10207544	10208148	1252.33333333
chr13	10208149	10208361	1237.2
chr13	10208362	10208591	1240.83333333
chr13	10208592	10208601	1240.81666667
chr13	10208602	10209056	1349.91666667
chr13	10209057	10209674	1167.3
chr13	10209675	10209690	994.216666667
chr13	10209691	10209921	909.833333333
chr13	10209922	10209979	782.1
chr13	10209980	10210769	779.633333333
chr13	10210770	10211173	778.15
chr13	10211174	10211465	1068.98333333
chr13	10211466	10211694	1138.93333333
chr13	10211695	10212750	965.533333333
chr13	10212751	10212764	865.533333333
chr13	10212765	10213241	903.016666667
chr13	10213242	10213647	800.483333333
chr13	10213648	10213770	767.083333333
chr13	10213771	10214146	891.45
chr13	10214147	10214259	910.316666667
chr13	10214260	10214727	909.883333333
chr13	10214728	10216789	909.883333333
chr13	10216790	10217849	951.883333333
chr13	10217850	10217932	980.45
chr13	10217933	10218906	995.566666667
chr13	10218907	10218930	1019.56666667
chr13	10218931	10218991	1033.3
chr13	10218992	10219930	1028.51666667
chr13	10219931	10219948	1014.45
chr13	10219949	10220993	1169.28333333
chr13	10220994	10221670	1220.71666667
chr13	10221671	10221820	1218.86666667
chr13	10221821	10221858	1215.23333333
chr13	10221859	10222542	1437.76666667
chr13	10222543	10222660	1587.95
chr13	10222661	10223040	1590.81666667
chr13	10223041	10223212	1590.05
chr13	10223213	10223971	1589.71666667
chr13	10223972	10224198	1589.71666667
chr13	10224199	10225472	1589.71666667
chr13	10225473	10225613	1943.65
chr13	10225614	10225666	1968.08333333
chr13	10225667	10226349	1801.93333333
chr13	10226350	10226405	1923.41666667
chr13	10226406	10226538	2073.05
chr13	10226539	10226574	2343.86666667
chr13	10226575	10226815	2343.6
chr13	10226816	10227410	2357.06666667
chr13	10227411	10227620	2236.26666667
chr13	10227621	10227763	2217.2
chr13	10227764	10227803	2217.86666667
chr13	10227804	10228111	2218.53333333
chr13	10228112	10228159	2176.53333333
chr13	10228160	10228202	2147.96666667
chr13	10228203	10228417	2132.85
chr13	10228418	10228617	2108.85
chr13	10228618	10229466	2095.11666667
chr13	10229467	10230192	2085.73333333
chr13	10230193	10230599	2085.63333333
chr13	10230600	10231147	1930.8
chr13	10231148	10231820	1879.36666667
chr13	10231821	10231836	1879.36666667
chr13	10231837	10231841	1879.36666667
chr13	10231842	10231865	1656.83333333
chr13	10231866	10231870	1397.55
chr13	10231871	10231882	1339.38333333
chr13	10231883	10232594	1339.38333333
chr13	10232595	10232685	1339.38333333
chr13	10232686	10232899	1339.38333333
chr13	10232900	10233599	1339.38333333
chr13	10233600	10233637	985.45
chr13	10233638	10234109	631.316666667
chr13	10234110	10234115	631.016666667
chr13	10234116	10234215	500.7
chr13	10234216	10234296	340.566666667
chr13	10234297	10235140	262.233333333
chr13	10235141	10235584	496.7
chr13	10235585	10237211	498.633333333
chr13	10237212	10237368	847.5
chr13	10237369	10237383	1117.95
chr13	10237384	10237449	1353.51666667
chr13	10237450	10239126	1722.28333333
chr13	10239127	10239309	1929.0
chr13	10239310	10239565	1960.9
chr13	10239566	10240806	2096.3
chr13	10240807	10240932	2288.86666667
chr13	10240933	10241663	2318.23333333
chr13	10241664	10242364	2370.3
chr13	10242365	10243010	2508.56666667
chr13	10243011	10243202	3153.83333333
chr13	10243203	10243282	3881.13333333
chr13	10243283	10243580	4861.43333333
chr13	10243581	10243691	5435.46666667
chr13	10243692	10244251	5858.6
chr13	10244252	10245503	6051.03333333
chr13	10245504	10246465	6051.03333333
chr13	10246466	10247622	6051.03333333
chr13	10247623	10248812	6051.03333333
chr13	10248813	10248835	6051.03333333
chr13	10248836	10248849	6051.03333333
chr13	10248850	10249306	6051.03333333
chr13	10249307	10249445	6079.86666667
chr13	10249446	10249532	6337.4
chr13	10249533	10250139	6520.93333333
chr13	10250140	10251842	6786.26666667
chr13	10251843	10252564	6691.35
chr13	10252565	10252603	6507.71666667
chr13	10252604	10253187	6492.41666667
chr13	10253188	10253237	6139.98333333
chr13	10253238	10254146	6000.73333333
chr13	10254147	10254327	6133.8
chr13	10254328	10254466	5829.23333333
chr13	10254467	10254514	5622.58333333
chr13	10254515	10254671	5590.68333333
chr13	10254672	10255351	5455.28333333
chr13	10255352	10255547	5262.71666667
chr13	10255548	10255687	5237.13333333
chr13	10255688	10256152	5187.6
chr13	10256153	10256201	5062.93333333
chr13	10256202	10256307	4607.36666667
chr13	10256308	10256601	3996.93333333
chr13	10256602	10256739	3352.4
chr13	10256740	10256854	2945.68333333
chr13	10256855	10257262	2522.55
chr13	10257263	10257370	2330.11666667
chr13	10257371	10258825	2380.98333333
chr13	10258826	10259589	2467.18333333
chr13	10259590	10259670	2497.63333333
chr13	10259671	10259733	2497.63333333
chr13	10259734	10259833	2741.56666667
chr13	10259834	10260030	3004.26666667
chr13	10260031	10261551	3066.7
chr13	10261552	10261570	2809.16666667
chr13	10261571	10261749	2625.63333333
chr13	10261750	10261766	2360.3
chr13	10261767	10262088	2225.25
chr13	10262089	10263069	2160.95
chr13	10263070	10263358	2160.85
chr13	10263359	10263591	2171.61666667
chr13	10263592	10263819	2075.48333333
chr13	10263820	10264241	2224.55
chr13	10264242	10264303	2435.53333333
chr13	10264304	10264667	2574.05
chr13	10264668	10265239	2574.05
chr13	10265240	10265823	2574.05
chr13	10265824	10266235	2574.05
chr13	10266236	10266838	2570.26666667
chr13	10266839	10267264	2567.73333333
chr13	10267265	10268049	2554.13333333
chr13	10268050	10268233	2364.43333333
chr13	10268234	10268356	2247.56666667
chr13	10268357	10268361	1913.46666667
chr13	10268362	10268432	1813.0
chr13	10268433	10268579	1828.03333333
chr13	10268580	10269007	1843.06666667
chr13	10269008	10269368	1792.2
chr13	10269369	10269887	1706.0
chr13	10269888	10270531	1675.55
chr13	10270532	10270835	1675.55
chr13	10270836	10270847	1431.63333333
chr13	10270848	10270857	1169.13333333
chr13	10270858	10270987	1183.25
chr13	10270988	10271183	1270.25
chr13	10271184	10271220	1339.18333333
chr13	10271221	10271396	1429.58333333
chr13	10271397	10271653	1496.43333333
chr13	10271654	10271716	1538.93333333
chr13	10271717	10272691	1541.11666667
chr13	10272692	10272696	1557.28333333
chr13	10272697	10272738	1724.38333333
chr13	10272739	10272915	1315.21666667
chr13	10272916	10273153	1042.16666667
chr13	10273154	10273528	906.016666667
chr13	10273529	10273628	966.783333333
chr13	10273629	10275410	970.35
chr13	10275411	10275418	970.35
chr13	10275419	10275769	970.35
chr13	10275770	10276136	974.75
chr13	10276137	10276429	978.583333333
chr13	10276430	10276492	1041.61666667
chr13	10276493	10276783	1104.05
chr13	10276784	10276902	1179.01666667
chr13	10276903	10277173	1145.81666667
chr13	10277174	10277185	1130.78333333
chr13	10277186	10277197	1115.75
chr13	10277198	10277655	1115.75
chr13	10277656	10277990	1171.51666667
chr13	10277991	10278258	1272.2
chr13	10278259	10279236	1272.8
chr13	10279237	10279383	1376.78333333
chr13	10279384	10280120	1447.01666667
chr13	10280121	10280138	1353.63333333
chr13	10280139	10280260	1288.56666667
chr13	10280261	10280825	1220.43333333
chr13	10280826	10281159	1130.03333333
chr13	10281160	10281581	1063.18333333
chr13	10281582	10281809	1020.68333333
chr13	10281810	10282335	1018.5
chr13	10282336	10282742	996.95
chr13	10282743	10283893	803.35
chr13	10283894	10284032	698.216666667
chr13	10284033	10284703	702.183333333
chr13	10284704	10285256	730.5
chr13	10285257	10286380	677.666666667
chr13	10286381	10287421	778.966666667
chr13	10287422	10287873	831.416666667
chr13	10287874	10288056	844.183333333
chr13	10288057	10288902	859.383333333
chr13	10288903	10289187	915.816666667
chr13	10289188	10289274	928.05
chr13	10289275	10289331	913.2
chr13	10289332	10289992	935.266666667
chr13	10289993	10290416	1090.81666667
chr13	10290417	10291212	1289.51666667
chr13	10291213	10291577	1389.23333333
chr13	10291578	10291647	1390.3
chr13	10291648	10292252	1413.58333333
chr13	10292253	10292961	1367.06666667
chr13	10292962	10293081	1366.46666667
chr13	10293082	10293526	1262.46666667
chr13	10293527	10294359	1192.03333333
chr13	10294360	10296141	1180.03333333
chr13	10296142	10297884	1158.5
chr13	10297885	10298220	1159.63333333
chr13	10298221	10298494	1159.63333333
chr13	10298495	10299548	1159.63333333
chr13	10299549	10299568	1165.03333333
chr13	10299569	10299701	1228.76666667
chr13	10299702	10299767	1255.13333333
chr13	10299768	10300797	1246.43333333
chr13	10300798	10300805	1336.36666667
chr13	10300806	10300990	1499.93333333
chr13	10300991	10301683	1526.0
chr13	10301684	10303298	1525.86666667
chr13	10303299	10303738	1421.0
chr13	10303739	10303764	1368.55
chr13	10303765	10303797	1355.78333333
chr13	10303798	10303814	1336.18333333
chr13	10303815	10304172	1275.91666667
chr13	10304173	10304367	1200.65
chr13	10304368	10304419	1153.06666667
chr13	10304420	10305633	1054.36666667
chr13	10305634	10305909	865.166666667
