0,0,0.0
0,1,2098.24330097
0,2,3913.36468932
0,3,3938.51056311
0,4,5420.93494175
0,5,6529.56876699
0,6,7147.44170874
0,7,7177.48009709
0,8,8429.86495146
0,9,9090.324
0,10,9916.11116505
0,11,11216.7523107
0,12,11470.916068
0,13,11226.6314854
0,14,12182.1953204
0,15,14354.7818835
0,16,12959.558835
0,17,12077.3254369
0,18,12248.0142718
0,19,12775.1081456
0,20,11688.6630583
0,21,11705.121767
0,22,11968.9603883
0,23,11472.3030485
0,24,10817.2567573
0,25,11311.089
0,26,12166.813534
0,27,11716.2889612
0,28,11988.288165
0,29,12357.5347282
0,30,11166.8377087
0,31,9903.64328155
0,32,10696.8240874
0,33,11848.8885049
0,34,12290.8423883
0,35,13041.4962816
0,36,10844.5508835
0,37,9310.81959223
0,38,8961.02237864
0,39,8588.86228155
0,40,9049.23887379
0,41,9412.98757282
0,42,8867.88182524
0,43,8263.40885437
0,44,9186.15273786
0,45,8278.57116505
0,46,8393.88345631
0,47,8775.24933981
0,48,9209.62936893
0,49,8538.05332039
0,50,9700.81513592
0,51,10285.1274951
0,52,11151.5843107
0,53,11161.1262913
0,54,10792.7230971
0,55,10565.1722039
0,56,11805.8121262
0,57,12424.7123301
0,58,10973.7250097
0,59,11175.9413981
0,60,10499.4801359
0,61,9894.27107767
0,62,9083.95974757
0,63,8659.48765049
0,64,8009.07313592
0,65,9271.45553398
0,66,9134.53120388
0,67,8148.00807767
0,68,9078.73215534
0,69,8961.01314563
0,70,9371.26829126
1,0,2098.24330097
1,1,0.0
1,2,1909.73256311
1,3,2833.87135922
1,4,4075.98470874
1,5,4681.07636893
1,6,5667.85787379
1,7,5998.68949515
1,8,6491.93367961
1,9,7216.16451456
1,10,8027.044
1,11,9460.51615534
1,12,9560.75323301
1,13,9275.20636893
1,14,10355.7374854
1,15,12708.6204272
1,16,11259.7367184
1,17,10407.1938252
1,18,10667.1696602
1,19,11048.9043981
1,20,9786.5715534
1,21,9879.92112621
1,22,10150.2619806
1,23,9702.66898058
1,24,9019.62460194
1,25,9490.60053398
1,26,10483.5667184
1,27,9895.07292233
1,28,10160.2941262
1,29,10473.4462913
1,30,9257.45442718
1,31,7963.75315534
1,32,8731.47
1,33,9961.82872816
1,34,10486.9548155
1,35,11240.9901845
1,36,8847.67626214
1,37,7268.05059223
1,38,6892.22304854
1,39,6500.33287379
1,40,7028.07920388
1,41,7470.23600971
1,42,6842.04261165
1,43,6182.74682524
1,44,7221.84082524
1,45,6321.06767961
1,46,6497.90107767
1,47,7096.52465049
1,48,7597.32178641
1,49,6886.74601942
1,50,8086.2121068
1,51,8620.05554369
1,52,9382.44201942
1,53,9232.39790291
1,54,8921.69916505
1,55,8820.58020388
1,56,10109.5643883
1,57,10702.8306505
1,58,9077.84128155
1,59,9419.46236893
1,60,8870.42368932
1,61,8327.43471845
1,62,7673.60974757
1,63,7404.28290291
1,64,6510.55802913
1,65,7666.42997087
1,66,7604.96624272
1,67,6666.803
1,68,7711.24209709
1,69,7411.89473786
1,70,7889.99785437
2,0,3913.36468932
2,1,1909.73256311
2,2,0.0
2,3,2318.89608738
2,4,2958.97608738
2,5,3125.99696117
2,6,4837.11038835
2,7,5487.43526214
2,8,5169.38182524
2,9,6007.87691262
2,10,6715.69929126
2,11,8163.63233981
2,12,8078.06335922
2,13,7578.46578641
2,14,8715.24731068
2,15,11151.0186505
2,16,9774.29740777
2,17,9104.13261165
2,18,9270.52035922
2,19,9528.08817476
2,20,8180.35419417
2,21,8297.85385437
2,22,8704.88797087
2,23,8422.26501942
2,24,7603.15917476
2,25,7909.90012621
2,26,9051.47492233
2,27,8355.05940777
2,28,8529.61275728
2,29,8752.12412621
2,30,7566.71516505
2,31,6209.09316505
2,32,7114.9026699
2,33,8441.90043689
2,34,9033.79293204
2,35,9869.94900971
2,36,7251.76937864
2,37,5750.7047767
2,38,5302.79893204
2,39,4898.26354369
2,40,5702.38679612
2,41,6328.91603883
2,42,5501.5983301
2,43,4412.47028155
2,44,5452.06076699
2,45,4496.72975728
2,46,4720.20621359
2,47,5405.1797767
2,48,5964.08034951
2,49,5301.94054369
2,50,6434.36402913
2,51,6876.43224272
2,52,7612.16004854
2,53,7434.98306796
2,54,7095.63942718
2,55,7050.89702913
2,56,8367.30716505
2,57,8972.76491262
2,58,7274.42737864
2,59,7675.50128155
2,60,7202.21331068
2,61,6734.56284466
2,62,6235.40401942
2,63,6169.47345631
2,64,5027.31502913
2,65,6082.95860194
2,66,6037.06996117
2,67,5154.76703883
2,68,6328.94019417
2,69,5877.27003883
2,70,6349.70627184
3,0,3938.51056311
3,1,2833.87135922
3,2,2318.89608738
3,3,0.0
3,4,1719.24619417
3,5,3687.87502913
3,6,5397.59734951
3,7,5757.69469903
3,8,6561.25142718
3,9,7382.21129126
3,10,7871.14275728
3,11,9072.8455534
3,12,9249.49295146
3,13,8600.53449515
3,14,9532.33366019
3,15,11792.6181068
3,16,10545.124932
3,17,9918.99232039
3,18,9817.45182524
3,19,10275.9722913
3,20,9183.1508932
3,21,9089.18868932
3,22,9693.96025243
3,23,9419.63340777
3,24,8349.39199029
3,25,8649.27328155
3,26,9727.01599029
3,27,9176.77191262
3,28,9280.22957282
3,29,9562.93258252
3,30,8424.5688835
3,31,7006.92727184
3,32,8202.67860194
3,33,9506.02182524
3,34,10010.4992427
3,35,11061.0825825
3,36,8511.29040777
3,37,7283.90232039
3,38,6868.1423301
3,39,6628.09320388
3,40,7656.6368932
3,41,8365.35090291
3,42,7425.64680583
3,43,5789.97056311
3,44,6396.8236699
3,45,5214.6491068
3,46,5279.39241748
3,47,5195.56803883
3,48,5672.51773786
3,49,5265.97465049
3,50,6204.76979612
3,51,6705.19448544
3,52,7845.2478932
3,53,8210.78933981
3,54,7583.00673786
3,55,7111.34339806
3,56,8383.75106796
3,57,9196.39504854
3,58,7897.19175728
3,59,7882.43068932
3,60,6997.89216505
3,61,6444.14773786
3,62,5559.64754369
3,63,5364.72040777
3,64,4418.93684466
3,65,5930.12609709
3,66,5559.86940777
3,67,4366.60220388
3,68,5669.24938835
3,69,5577.93290291
3,70,5750.07056311
4,0,5420.93494175
4,1,4075.98470874
4,2,2958.97608738
4,3,1719.24619417
4,4,0.0
4,5,2491.8845534
4,6,4432.22372816
4,7,4935.1831165
4,8,5594.19956311
4,9,6373.92033981
4,10,6682.93761165
4,11,7803.07029126
4,12,8096.05800971
4,13,7486.01675728
4,14,8369.40345631
4,15,10639.6745437
4,16,9346.28505825
4,17,8673.23021359
4,18,8545.1106699
4,19,9061.21749515
4,20,8018.80879612
4,21,7847.48913592
4,22,8476.99752427
4,23,8186.76545631
4,24,7043.96050485
4,25,7379.10478641
4,26,8435.33361165
4,27,7918.84748544
4,28,8062.70440777
4,29,8430.40230097
4,30,7219.47759223
4,31,5743.4631165
4,32,7025.9732233
4,33,8323.85707767
4,34,8793.0214466
4,35,9913.49729126
4,36,7415.99439806
4,37,6362.17865049
4,38,6046.41443689
4,39,6078.59034951
4,40,7193.43981553
4,41,7974.42153398
4,42,6926.65381553
4,43,5092.78233981
4,44,5798.45179612
4,45,4429.50921359
4,46,4599.13140777
4,47,4318.53324272
4,48,4921.00333981
4,49,4803.14537864
4,50,5442.95957282
4,51,5667.36046602
4,52,6983.45941748
4,53,7388.61157282
4,54,6506.30713592
4,55,6092.45191262
4,56,7409.55093204
4,57,8355.31243689
4,58,6924.61880583
4,59,6992.19947573
4,60,6111.02068932
4,61,5704.61770874
4,62,4952.51538835
4,63,5134.98624272
4,64,3809.97121359
4,65,5360.79609709
4,66,4810.14214563
4,67,3463.1288932
4,68,5250.44790291
4,69,5060.86365049
4,70,5009.76368932
5,0,6529.56876699
5,1,4681.07636893
5,2,3125.99696117
5,3,3687.87502913
5,4,2491.8845534
5,5,0.0
5,6,2920.46241748
5,7,3966.86318447
5,8,3126.25156311
5,9,3938.51960194
5,10,4401.39919417
5,11,5848.11376699
5,12,5999.87505825
5,13,5665.44608738
5,14,6727.64276699
5,15,9159.63585437
5,16,7682.502
5,17,6877.10780583
5,18,7032.00878641
5,19,7427.77660194
5,20,6158.31264078
5,21,6149.54503883
5,22,6538.75194175
5,23,6171.28418447
5,24,5300.02502913
5,25,5708.63535922
5,26,6786.02576699
5,27,6152.43290291
5,28,6454.25075728
5,29,6860.16231068
5,30,5486.65140777
5,31,3965.50941748
5,32,4994.76392233
5,33,6348.89081553
5,34,6874.14648544
5,35,7812.25598058
5,36,5266.76859223
5,37,3965.67403883
5,38,3786.74094175
5,39,4121.48324272
5,40,5063.46352427
5,41,5835.59087379
5,42,4763.89099029
5,43,3319.29238835
5,44,4744.16680583
5,45,3411.25023301
5,46,3919.97983495
5,47,4350.28654369
5,48,5121.1158835
5,49,4985.53602913
5,50,5544.94943689
5,51,5412.31423301
5,52,6419.78134951
5,53,6248.11145631
5,54,5407.85631068
5,55,5586.11119417
5,56,6959.66884466
5,57,7809.17591262
5,58,5796.35095146
5,59,6445.31134951
5,60,6051.15069903
5,61,5892.84671845
5,62,5675.23150485
5,63,6186.61880583
5,64,4542.49498058
5,65,5553.35956311
5,66,5220.44157282
5,67,4227.07105825
5,68,6058.11487379
5,69,5454.18879612
5,70,5543.08221359
6,0,7147.44170874
6,1,5667.85787379
6,2,4837.11038835
6,3,5397.59734951
6,4,4432.22372816
6,5,2920.46241748
6,6,0.0
6,7,1300.32449515
6,8,3235.83774757
6,9,3637.9261068
6,10,4716.55399029
6,11,6406.68646602
6,12,6900.98136893
6,13,7283.49397087
6,14,8138.10823301
6,15,10387.4355728
6,16,8682.05945631
6,17,7470.02847573
6,18,7858.41609709
6,19,8556.50907767
6,20,7459.96565049
6,21,7440.0588932
6,22,7378.11102913
6,23,6550.20184466
6,24,6131.15808738
6,25,6979.42148544
6,26,7651.05706796
6,27,7327.82559223
6,28,7960.22548544
6,29,8603.97957282
6,30,7052.46074757
6,31,5694.15903883
6,32,6272.69705825
6,33,7388.29308738
6,34,7704.63625243
6,35,8329.04571845
6,36,6466.45420388
6,37,4901.28134951
6,38,5094.24196117
6,39,5710.3106699
6,40,5800.5261068
6,41,6157.32624272
6,42,5463.45692233
6,43,5420.36017476
6,44,7276.17870874
6,45,6038.03619417
6,46,6600.33429126
6,47,7108.93113592
6,48,7885.79375728
6,49,7750.52166019
6,50,8329.9761068
6,51,8035.88376699
6,52,9069.8241068
6,53,8698.57682524
6,54,7780.06900971
6,55,8198.38295146
6,56,9505.00438835
6,57,10417.4191068
6,58,8230.20828155
6,59,9087.85523301
6,60,8751.05116505
6,61,8632.4756699
6,62,8356.9581068
6,63,8823.17697087
6,64,7224.47143689
6,65,8344.14516505
6,66,7953.55569903
6,67,6847.66579612
6,68,8783.64320388
6,69,8228.72905825
6,70,8258.12720388
7,0,7177.48009709
7,1,5998.68949515
7,2,5487.43526214
7,3,5757.69469903
7,4,4935.1831165
7,5,3966.86318447
7,6,1300.32449515
7,7,0.0
7,8,4486.04730097
7,9,4811.4567767
7,10,5892.87127184
7,11,7497.11415534
7,12,8102.26081553
7,13,8530.89190291
7,14,9313.96718447
7,15,11491.5863689
7,16,9779.32192233
7,17,8511.99633981
7,18,8863.39341748
7,19,9671.92895146
7,20,8668.27143689
7,21,8596.75326214
7,22,8518.54539806
7,23,7619.82216505
7,24,7203.86684466
7,25,8118.48390291
7,26,8702.29919417
7,27,8479.08019417
7,28,9137.05528155
7,29,9822.20283495
7,30,8260.8225534
7,31,6901.52095146
7,32,7509.34846602
7,33,8579.32714563
7,34,8836.33182524
7,35,9446.69643689
7,36,7726.2287767
7,37,6172.28842718
7,38,6351.65618447
7,39,6895.52870874
7,40,6897.83836893
7,41,7165.29829126
7,42,6568.31225243
7,43,6599.78327184
7,44,8410.03265049
7,45,7122.62518447
7,46,7640.29776699
7,47,8042.35394175
7,48,8801.49368932
7,49,8658.72493204
7,50,9289.90872816
7,51,9054.51939806
7,52,10184.811534
7,53,9909.43628155
7,54,8958.61800971
7,55,9271.86590291
7,56,10579.0877573
7,57,11549.4119417
7,58,9432.6235534
7,59,10195.6307961
7,60,9739.19724272
7,61,9566.54495146
7,62,9150.19183495
7,63,9527.2138932
7,64,8003.32543689
7,65,9275.78150485
7,66,8825.03132039
7,67,7604.82236893
7,68,9569.83666019
7,69,9110.48419417
7,70,9099.0095534
8,0,8429.86495146
8,1,6491.93367961
8,2,5169.38182524
8,3,6561.25142718
8,4,5594.19956311
8,5,3126.25156311
8,6,3235.83774757
8,7,4486.04730097
8,8,0.0
8,9,1001.40983495
8,10,2377.1057767
8,11,4413.2198835
8,12,4271.32754369
8,13,4732.95693204
8,14,5853.35841748
8,15,8219.45796117
8,16,6563.22735922
8,17,5566.20416505
8,18,6231.4394466
8,19,6434.57997087
8,20,4986.3291068
8,21,5303.46554369
8,22,5066.32468932
8,23,4494.72796117
8,24,4464.71965049
8,25,5002.58583495
8,26,5841.17641748
8,27,5174.88580583
8,28,5758.57208738
8,29,6196.74463107
8,30,4776.23925243
8,31,3727.72409709
8,32,3737.54854369
8,33,4872.06066019
8,34,5393.4183301
8,35,5781.64784466
8,36,3623.18657282
8,37,1746.39897087
8,38,2335.08665049
8,39,3276.71160194
8,40,3264.74931068
8,41,3755.5548932
8,42,2944.74257282
8,43,3423.97980583
8,44,5447.0658932
8,45,4695.10971845
8,46,5376.53628155
8,47,6386.17926214
8,48,7130.71160194
8,49,6965.33258252
8,50,7388.72025243
8,51,6922.38261165
8,52,7400.19964078
8,53,6474.4911068
8,54,5877.65465049
8,55,6808.14779612
8,56,7989.48981553
8,57,8604.21958252
8,58,6150.25140777
8,59,7454.78160194
8,60,7664.53591262
8,61,7749.27315534
8,62,7986.67623301
8,63,8652.53984466
8,64,7013.30831068
8,65,7459.10583495
8,66,7373.04370874
8,67,6795.50838835
8,68,8383.91792233
8,69,7536.41151456
8,70,7752.28227184
9,0,9090.324
9,1,7216.16451456
9,2,6007.87691262
9,3,7382.21129126
9,4,6373.92033981
9,5,3938.51960194
9,6,3637.9261068
9,7,4811.4567767
9,8,1001.40983495
9,9,0.0
9,10,1842.91129126
9,11,3889.61453398
9,12,3857.95656311
9,13,4700.41614563
9,14,5650.98408738
9,15,7873.07566019
9,16,6157.23287379
9,17,5040.44329126
9,18,5828.94673786
9,19,6079.7591068
9,20,4754.19785437
9,21,5069.87782524
9,22,4601.30809709
9,23,3877.30868932
9,24,4141.49752427
9,25,4799.25578641
9,26,5428.59983495
9,27,4891.15141748
9,28,5603.55268932
9,29,6145.12274757
9,30,4717.40739806
9,31,3899.67075728
9,32,3599.73484466
9,33,4503.88550485
9,34,4911.82296117
9,35,5133.74308738
9,36,3460.42099029
9,37,2032.84454369
9,38,2855.77782524
9,39,3997.42708738
9,40,3773.85842718
9,41,4103.5292233
9,42,3487.82143689
9,43,4253.91959223
9,44,6196.33072816
9,45,5525.13120388
9,46,6210.36918447
9,47,7146.96275728
9,48,7885.03272816
9,49,7806.52592233
9,50,8089.16751456
9,51,7456.56274757
9,52,7918.80295146
9,53,6936.02354369
9,54,6241.28925243
9,55,7327.13776699
9,56,8423.70624272
9,57,9026.67545631
9,58,6550.11501942
9,59,7964.88413592
9,60,8274.5898932
9,61,8437.62618447
9,62,8757.37864078
9,63,9501.70716505
9,64,7844.62652427
9,65,8231.16594175
9,66,8112.46058252
9,67,7584.04926214
9,68,9192.55731068
9,69,8336.03304854
9,70,8494.81576699
10,0,9916.11116505
10,1,8027.044
10,2,6715.69929126
10,3,7871.14275728
10,4,6682.93761165
10,5,4401.39919417
10,6,4716.55399029
10,7,5892.87127184
10,8,2377.1057767
10,9,1842.91129126
10,10,0.0
10,11,2066.46398058
10,12,2275.47891262
10,13,3317.7601068
10,14,3981.39726214
10,15,6132.16193204
10,16,4388.37675728
10,17,3263.95681553
10,18,4014.13345631
10,19,4287.6186699
10,20,3133.68846602
10,21,3319.08862136
10,22,2837.46841748
10,23,2144.34598058
10,24,2366.4931068
10,25,3052.81385437
10,26,3599.02039806
10,27,3152.17250485
10,28,3933.83923301
10,29,4642.87226214
10,30,3175.65396117
10,31,2678.3988932
10,32,2131.33635922
10,33,2855.09130097
10,34,3159.24159223
10,35,3661.90975728
10,36,2264.73821359
10,37,2416.85750485
10,38,3242.94400971
10,39,4657.87604854
10,40,4894.67851456
10,41,5398.16607767
10,42,4653.88698058
10,43,4641.04994175
10,44,6137.99482524
10,45,5552.33880583
10,46,6203.6881068
10,47,6826.73191262
10,48,7519.34876699
10,49,7713.50209709
10,50,7583.15021359
10,51,6599.03282524
10,52,7089.15123301
10,53,6226.48030097
10,54,5193.40548544
10,55,6472.28202913
10,56,7400.64173786
10,57,8022.04012621
10,58,5632.82429126
10,59,7128.68730097
10,60,7580.26623301
10,61,7924.56706796
10,62,8444.83896117
10,63,9391.55770874
10,64,7736.2571165
10,65,7929.18640777
10,66,7716.30228155
10,67,7378.38358252
10,68,8948.59605825
10,69,8093.50947573
10,70,8081.85476699
11,0,11216.7523107
11,1,9460.51615534
11,2,8163.63233981
11,3,9072.8455534
11,4,7803.07029126
11,5,5848.11376699
11,6,6406.68646602
11,7,7497.11415534
11,8,4413.2198835
11,9,3889.61453398
11,10,2066.46398058
11,11,0.0
11,12,1636.09472816
11,13,2885.20305825
11,14,2667.71475728
11,15,4362.79469903
11,16,2584.98581553
11,17,1346.55718447
11,18,2082.64257282
11,19,2499.02018447
11,20,2139.40266019
11,21,1919.25595146
11,22,1237.43767961
11,23,673.672660194
11,24,1060.18534951
11,25,1758.21957282
11,26,1672.74094175
11,27,1761.3715534
11,28,2678.52966019
11,29,3677.10869903
11,30,2468.89597087
11,31,2853.09038835
11,32,2071.50906796
11,33,1755.37706796
11,34,1499.38379612
11,35,2470.59101942
11,36,2548.03826214
11,37,4104.25159223
11,38,4780.07753398
11,39,6213.12639806
11,40,6656.15095146
11,41,7197.45212621
11,42,6458.2104466
11,43,6041.64330097
11,44,7027.93623301
11,45,6584.04816505
11,46,7148.11526214
11,47,7409.0975534
11,48,8005.91381553
11,49,8475.45501942
11,50,7908.00253398
11,51,6557.76772816
11,52,7039.2651068
11,53,6374.67329126
11,54,5024.91497087
11,55,6444.82921359
11,56,7059.28887379
11,57,7664.08420388
11,58,5585.38219417
11,59,7062.59076699
11,60,7670.87981553
11,61,8209.34682524
11,62,8927.23998058
11,63,10050.2865825
11,64,8472.76615534
11,65,8460.22117476
11,66,8151.92514563
11,67,8031.246
11,68,9489.47501942
11,69,8678.69821359
11,70,8478.54572816
12,0,11470.916068
12,1,9560.75323301
12,2,8078.06335922
12,3,9249.49295146
12,4,8096.05800971
12,5,5999.87505825
12,6,6900.98136893
12,7,8102.26081553
12,8,4271.32754369
12,9,3857.95656311
12,10,2275.47891262
12,11,1636.09472816
12,12,0.0
12,13,1836.0453301
12,14,2134.93983495
12,15,4164.167
12,16,2610.44546602
12,17,2180.04842718
12,18,2991.93180583
12,19,2504.39576699
12,20,1224.8578835
12,21,1835.7528835
12,22,1107.1158932
12,23,1655.03172816
12,24,2204.65218447
12,25,1983.20669903
12,26,2460.44335922
12,27,1701.63213592
12,28,2320.71414563
12,29,2857.17996117
12,30,1924.95496117
12,31,2692.69429126
12,32,1264.551
12,33,794.896475728
12,34,1357.72657282
12,35,1957.04781553
12,36,1251.75112621
12,37,3349.15928155
12,38,3944.31073786
12,39,5303.30880583
12,40,5732.4138932
12,41,6288.13564078
12,42,5598.74630097
12,43,5315.52982524
12,44,6178.40480583
12,45,6041.84116505
12,46,6592.13358252
12,47,7139.47391262
12,48,7686.22845631
12,49,8022.87785437
12,50,7545.82596117
12,51,6339.24102913
12,52,6408.81315534
12,53,5378.49291262
12,54,4455.13678641
12,55,6062.00585437
12,56,6624.65874757
12,57,6988.02017476
12,58,4804.88869903
12,59,6476.24969903
12,60,7330.80842718
12,61,7878.01583495
12,62,8732.84708738
12,63,9803.85754369
12,64,8297.63592233
12,65,8024.92013592
12,66,7928.3061068
12,67,7996.92412621
12,68,9211.81313592
12,69,8301.0997767
12,70,8273.67752427
13,0,11226.6314854
13,1,9275.20636893
13,2,7578.46578641
13,3,8600.53449515
13,4,7486.01675728
13,5,5665.44608738
13,6,7283.49397087
13,7,8530.89190291
13,8,4732.95693204
13,9,4700.41614563
13,10,3317.7601068
13,11,2885.20305825
13,12,1836.0453301
13,13,0.0
13,14,1620.91928155
13,15,4084.91345631
13,16,3022.48559223
13,17,3269.74056311
13,18,3496.32705825
13,19,2687.73804854
13,20,1057.17936893
13,21,1666.36848544
13,22,2290.35197087
13,23,3181.26692233
13,24,2771.58006796
13,25,1836.68620388
13,26,3031.46379612
13,27,1886.98481553
13,28,1600.72167961
13,29,1532.57193204
13,30,844.452194175
13,31,1928.58664078
13,32,1225.96372816
13,33,1692.5722233
13,34,2465.21428155
13,35,3467.09673786
13,36,1453.21105825
13,37,3534.41800971
13,38,3764.19672816
13,39,4809.7458932
13,40,5732.75120388
13,41,6505.3398835
13,42,5625.7143301
13,43,4529.46432039
13,44,4814.6708835
13,45,4856.0972233
13,46,5295.09818447
13,47,5728.74992233
13,48,6177.9181165
13,49,6580.26685437
13,50,5950.85046602
13,51,4754.33972816
13,52,4633.0472233
13,53,3660.51165049
13,54,2739.23673786
13,55,4405.70553398
13,56,4910.78084466
13,57,5198.71281553
13,58,3044.76576699
13,59,4728.68731068
13,60,5698.07379612
13,61,6301.19897087
13,62,7279.35748544
13,63,8364.36427184
13,64,6987.92333981
13,65,6475.3925534
13,66,6453.7305534
13,67,6748.34685437
13,68,7709.19800971
13,69,6793.39021359
13,70,6776.07430097
14,0,12182.1953204
14,1,10355.7374854
14,2,8715.24731068
14,3,9532.33366019
14,4,8369.40345631
14,5,6727.64276699
14,6,8138.10823301
14,7,9313.96718447
14,8,5853.35841748
14,9,5650.98408738
14,10,3981.39726214
14,11,2667.71475728
14,12,2134.93983495
14,13,1620.91928155
14,14,0.0
14,15,2549.0768932
14,16,1556.90158252
14,17,2363.27662136
14,18,2310.21899029
14,19,1229.677
14,20,1009.47738835
14,21,1018.35478641
14,22,1781.49703883
14,23,2916.37460194
14,24,2526.14898058
14,25,1469.19758252
14,26,2038.87591262
14,27,1453.44397087
14,28,882.07907767
14,29,1363.70333981
14,30,1434.94943689
14,31,2861.36031068
14,32,2212.50532039
14,33,1542.01873786
14,34,1773.06856311
14,35,3002.57050485
14,36,2622.11341748
14,37,4886.09790291
14,38,5239.33637864
14,39,6375.20521359
14,40,7200.81084466
14,41,7904.01086408
14,42,7082.79243689
14,43,6058.22661165
14,44,6251.9228835
14,45,6226.08832039
14,46,6624.97846602
14,47,6742.56468932
14,48,7146.17753398
14,49,7738.67086408
14,50,6844.39002913
14,51,5382.54458252
14,52,5411.92753398
14,53,4776.16416505
14,54,3569.02804854
14,55,5145.60447573
14,56,5360.68725243
14,57,5687.36323301
14,58,4026.23258252
14,59,5484.288
14,60,6443.93031068
14,61,7145.25204854
14,62,8158.81230097
14,63,9338.22428155
14,64,7997.61546602
14,65,7510.34914563
14,66,7337.08782524
14,67,7655.31625243
14,68,8648.51907767
14,69,7821.65006796
14,70,7622.98609709
15,0,14354.7818835
15,1,12708.6204272
15,2,11151.0186505
15,3,11792.6181068
15,4,10639.6745437
15,5,9159.63585437
15,6,10387.4355728
15,7,11491.5863689
15,8,8219.45796117
15,9,7873.07566019
15,10,6132.16193204
15,11,4362.79469903
15,12,4164.167
15,13,4084.91345631
15,14,2549.0768932
15,15,0.0
15,16,1815.26356311
15,17,3330.42550485
15,18,2979.7881068
15,19,1959.90668932
15,20,3383.32736893
15,21,3212.86936893
15,22,3408.80718447
15,23,4417.3296699
15,24,4397.34887379
15,25,3642.49398058
15,26,3136.06229126
15,27,3476.07818447
15,28,3063.35421359
15,29,3203.80487379
15,30,3943.82384466
15,31,5346.34508738
15,32,4668.42265049
15,33,3552.69674757
15,34,3155.84619417
15,35,3754.83203883
15,36,4974.36130097
15,37,7293.45527184
15,38,7691.18851456
15,39,8828.08057282
15,40,9540.05002913
15,41,10152.3040583
15,42,9447.0318932
15,43,8567.53066019
15,44,8567.94181553
15,45,8654.45505825
15,46,8988.39830097
15,47,8911.52903883
15,48,9208.45513592
15,49,9932.03649515
15,50,8802.02193204
15,51,7223.43037864
15,52,7141.51190291
15,53,6699.29036893
15,54,5620.88999029
15,55,7023.58698058
15,56,6819.3511068
15,57,6954.99350485
15,58,6018.96270874
15,59,7203.36370874
15,60,8246.73687379
15,61,9041.51656311
15,62,10144.7413883
15,63,11376.3195825
15,64,10172.1913592
15,65,9564.68665049
15,66,9353.32670874
15,67,9796.21081553
15,68,10639.8435243
15,69,9894.43790291
15,70,9581.53296117
16,0,12959.558835
16,1,11259.7367184
16,2,9774.29740777
16,3,10545.124932
16,4,9346.28505825
16,5,7682.502
16,6,8682.05945631
16,7,9779.32192233
16,8,6563.22735922
16,9,6157.23287379
16,10,4388.37675728
16,11,2584.98581553
16,12,2610.44546602
16,13,3022.48559223
16,14,1556.90158252
16,15,1815.26356311
16,16,0.0
16,17,1564.9605534
16,18,1532.20096117
16,19,628.082669903
16,20,2074.58535922
16,21,1840.11938835
16,22,1713.04056311
16,23,2630.94360194
16,24,2706.78525243
16,25,2205.80701942
16,26,1555.43005825
16,27,2031.31935922
16,28,2100.39360194
16,29,2774.50773786
16,30,2750.81849515
16,31,4007.52525243
16,32,3211.07807767
16,33,2057.01618447
16,34,1472.81276699
16,35,2443.06345631
16,36,3591.7208835
16,37,5814.25184466
16,38,6318.40324272
16,39,7594.26254369
16,40,8205.70121359
16,41,8792.60330097
16,42,8074.73186408
16,43,7367.53468932
16,44,7751.1807767
16,45,7634.49952427
16,46,8067.90700971
16,47,8126.92382524
16,48,8555.72739806
16,49,9191.38208738
16,50,8267.14273786
16,51,6724.4412233
16,52,6882.82680583
16,53,6310.47818447
16,54,5050.00721359
16,55,6555.6904466
16,56,6700.46392233
16,57,7062.6452233
16,58,5551.32898058
16,59,6936.25192233
16,60,7832.01506796
16,61,8540.66236893
16,62,9509.6311068
16,63,10719.2843689
16,64,9338.63636893
16,65,8963.16063107
16,66,8704.14107767
16,67,8927.52737864
16,68,10043.8359903
16,69,9253.92787379
16,70,8980.47540777
17,0,12077.3254369
17,1,10407.1938252
17,2,9104.13261165
17,3,9918.99232039
17,4,8673.23021359
17,5,6877.10780583
17,6,7470.02847573
17,7,8511.99633981
17,8,5566.20416505
17,9,5040.44329126
17,10,3263.95681553
17,11,1346.55718447
17,12,2180.04842718
17,13,3269.74056311
17,14,2363.27662136
17,15,3330.42550485
17,16,1564.9605534
17,17,0.0
17,18,1251.93517476
17,19,1732.91530097
17,20,2290.26678641
17,21,1977.84420388
17,22,1202.77282524
17,23,1308.73901942
17,24,1744.10347573
17,25,2038.51897087
17,26,1191.06925243
17,27,1944.0281068
17,28,2659.81440777
17,29,3636.45439806
17,30,2865.41432039
17,31,3656.36702913
17,32,2854.16037864
17,33,1959.1918932
17,34,1142.12586408
17,35,2195.9428835
17,36,3301.31039806
17,37,5163.83759223
17,38,5807.87839806
17,39,7212.53140777
17,40,7665.45157282
17,41,8188.50883495
17,42,7488.75260194
17,43,7024.46433981
17,44,7805.94694175
17,45,7455.50051456
17,46,7974.30320388
17,47,8108.51634951
17,48,8648.42549515
17,49,9212.98501942
17,50,8476.84845631
17,51,6998.31899029
17,52,7416.30954369
17,53,6822.21739806
17,54,5441.62232039
17,55,6898.57738835
17,56,7310.20837864
17,57,7855.77423301
17,58,6021.11081553
17,59,7453.68143689
17,60,8151.34761165
17,61,8762.78166019
17,62,9563.83397087
17,63,10736.5771942
17,64,9219.15279612
17,65,9110.41095146
17,66,8776.62602913
17,67,8756.64417476
17,68,10134.5986796
17,69,9347.76545631
17,70,9079.70952427
18,0,12248.0142718
18,1,10667.1696602
18,2,9270.52035922
18,3,9817.45182524
18,4,8545.1106699
18,5,7032.00878641
18,6,7858.41609709
18,7,8863.39341748
18,8,6231.4394466
18,9,5828.94673786
18,10,4014.13345631
18,11,2082.64257282
18,12,2991.93180583
18,13,3496.32705825
18,14,2310.21899029
18,15,2979.7881068
18,16,1532.20096117
18,17,1251.93517476
18,18,0.0
18,19,1518.17504854
18,20,2629.31247573
18,21,1899.28972816
18,22,1981.49573786
18,23,2308.58373786
18,24,1856.1001068
18,25,1890.46473786
18,26,793.479194175
18,27,2014.30038835
18,28,2454.2676699
18,29,3501.20641748
18,30,2895.72679612
18,31,3697.65830097
18,32,3310.68040777
18,33,2576.79187379
18,34,1927.65971845
18,35,3233.19305825
18,36,3934.0881165
18,37,5855.95970874
18,38,6395.12017476
18,39,7738.15343689
18,40,8407.60067961
18,41,9027.12038835
18,42,8221.17931068
18,43,7355.34053398
18,44,7893.38285437
18,45,7498.74033981
18,46,7953.24591262
18,47,7811.12559223
18,48,8298.24
18,49,9009.68048544
18,50,8077.38731068
18,51,6474.32133981
18,52,7034.40763107
18,53,6745.102
18,54,5143.04394175
18,55,6456.01954369
18,56,6754.71097087
18,57,7382.48846602
18,58,5823.17980583
18,59,7057.4548835
18,60,7674.2281068
18,61,8332.18419417
18,62,9140.51098058
18,63,10369.1558058
18,64,8918.01887379
18,65,8803.78699029
18,66,8370.29456311
18,67,8399.57071845
18,68,9739.82256311
18,69,9032.49106796
18,70,8636.00342718
19,0,12775.1081456
19,1,11048.9043981
19,2,9528.08817476
19,3,10275.9722913
19,4,9061.21749515
19,5,7427.77660194
19,6,8556.50907767
19,7,9671.92895146
19,8,6434.57997087
19,9,6079.7591068
19,10,4287.6186699
19,11,2499.02018447
19,12,2504.39576699
19,13,2687.73804854
19,14,1229.677
19,15,1959.90668932
19,16,628.082669903
19,17,1732.91530097
19,18,1518.17504854
19,19,0.0
19,20,1787.34609709
19,21,1396.83451456
19,22,1626.34339806
19,23,2663.63812621
19,24,2519.42097087
19,25,1805.74893204
19,26,1332.82483495
19,27,1667.83319417
19,28,1600.4028932
19,29,2346.70767961
19,30,2345.96951456
19,31,3656.16351456
19,32,2950.41112621
19,33,1893.7778932
19,34,1446.15918447
19,35,2666.11224272
19,36,3392.39664078
19,37,5649.04699029
19,38,6105.68530097
19,39,7357.56205825
19,40,8062.73261165
19,41,8697.5337767
19,42,7929.83126214
19,43,7073.17472816
19,44,7380.8953301
19,45,7268.78718447
19,46,7685.99633981
19,47,7702.64669903
19,48,8117.07068932
19,49,8776.07598058
19,50,7814.25563107
19,51,6256.43494175
19,52,6419.43800971
19,53,5902.273
19,54,4583.10576699
19,55,6079.78240777
19,56,6218.47301942
19,57,6596.08896117
19,58,5099.27259223
19,59,6465.31782524
19,60,7359.0502233
19,61,8079.33296117
19,62,9065.64345631
19,63,10288.7743883
19,64,8925.48343689
19,65,8521.68243689
19,66,8262.1963301
19,67,8519.72128155
19,68,9602.4802233
19,69,8819.21983495
19,70,8536.1558835
20,0,11688.6630583
20,1,9786.5715534
20,2,8180.35419417
20,3,9183.1508932
20,4,8018.80879612
20,5,6158.31264078
20,6,7459.96565049
20,7,8668.27143689
20,8,4986.3291068
20,9,4754.19785437
20,10,3133.68846602
20,11,2139.40266019
20,12,1224.8578835
20,13,1057.17936893
20,14,1009.47738835
20,15,3383.32736893
20,16,2074.58535922
20,17,2290.26678641
20,18,2629.31247573
20,19,1787.34609709
20,20,0.0
20,21,985.185271845
20,22,1307.28352427
20,23,2364.95351456
20,24,2209.81570874
20,25,1317.55592233
20,26,2152.33442718
20,27,1168.95759223
20,28,1255.96556311
20,29,1721.79590291
20,30,1053.081
20,31,2375.58729126
20,32,1332.87135922
20,33,829.012514563
20,34,1446.56419417
20,35,2578.69157282
20,36,1664.86540777
20,37,3969.92023301
20,38,4376.64863107
20,39,5589.86245631
20,40,6316.75823301
20,41,6993.26269903
20,42,6194.66469903
20,43,5385.26321359
20,44,5837.24334951
20,45,5782.12991262
20,46,6249.00341748
20,47,6587.15627184
20,48,7057.39220388
20,49,7523.25838835
20,50,6828.17852427
20,51,5499.72564078
20,52,5515.23365049
20,53,4651.3438835
20,54,3578.20899029
20,55,5217.60379612
20,56,5630.74404854
20,57,5969.68733981
20,58,3976.48757282
20,59,5589.09476699
20,60,6518.46912621
20,61,7147.40971845
20,62,8104.48995146
20,63,9235.57646602
20,64,7818.03412621
20,65,7400.385
20,66,7284.62520388
20,67,7510.3321165
20,68,8586.03068932
20,69,7704.67350485
20,70,7604.46527184
21,0,11705.121767
21,1,9879.92112621
21,2,8297.85385437
21,3,9089.18868932
21,4,7847.48913592
21,5,6149.54503883
21,6,7440.0588932
21,7,8596.75326214
21,8,5303.46554369
21,9,5069.87782524
21,10,3319.08862136
21,11,1919.25595146
21,12,1835.7528835
21,13,1666.36848544
21,14,1018.35478641
21,15,3212.86936893
21,16,1840.11938835
21,17,1977.84420388
21,18,1899.28972816
21,19,1396.83451456
21,20,985.185271845
21,21,0.0
21,22,1360.8757767
21,23,2322.00570874
21,24,1694.44036893
21,25,576.331135922
21,26,1443.08209709
21,27,755.98068932
21,28,862.941339806
21,29,1886.44069903
21,30,1096.26192233
21,31,2316.18573786
21,32,1777.4265534
21,33,1324.24909709
21,34,1472.95102913
21,35,2968.50551456
21,36,2392.45839806
21,37,4524.29268932
21,38,4929.18073786
21,39,6160.33609709
21,40,6986.26574757
21,41,7697.44572816
21,42,6833.66840777
21,43,5793.5641165
21,44,6185.70501942
21,45,5978.3728835
21,46,6422.50560194
21,47,6501.67951456
21,48,6968.09933981
21,49,7570.74730097
21,50,6726.12014563
21,51,5249.2628835
21,52,5517.86767961
21,53,4980.85178641
21,54,3557.28015534
21,55,5064.32350485
21,56,5443.11040777
21,57,5940.84671845
21,58,4118.36904854
21,59,5553.74747573
21,60,6350.5691068
21,61,7017.70627184
21,62,7938.91312621
21,63,9131.65270874
21,64,7707.83166019
21,65,7380.04852427
21,66,7129.95399029
21,67,7315.70423301
21,68,8471.30461165
21,69,7665.25285437
21,70,7426.84721359
22,0,11968.9603883
22,1,10150.2619806
22,2,8704.88797087
22,3,9693.96025243
22,4,8476.99752427
22,5,6538.75194175
22,6,7378.11102913
22,7,8518.54539806
22,8,5066.32468932
22,9,4601.30809709
22,10,2837.46841748
22,11,1237.43767961
22,12,1107.1158932
22,13,2290.35197087
22,14,1781.49703883
22,15,3408.80718447
22,16,1713.04056311
22,17,1202.77282524
22,18,1981.49573786
22,19,1626.34339806
22,20,1307.28352427
22,21,1360.8757767
22,22,0.0
22,23,1293.7033301
22,24,1796.90851456
22,25,1579.73715534
22,26,1468.42685437
22,27,1234.02576699
22,28,1984.81165049
22,29,2819.36613592
22,30,2054.0636699
22,31,3048.50003883
22,32,1933.87594175
22,33,871.284718447
22,34,427.390980583
22,35,1731.29375728
22,36,2253.7127767
22,37,4348.12365049
22,38,4935.71876699
22,39,6305.7785534
22,40,6799.22212621
22,41,7357.45617476
22,42,6651.52620388
22,43,6192.04763107
22,44,6920.09749515
22,45,6718.62768932
22,46,7237.3892233
22,47,7542.49230097
22,48,8064.69443689
22,49,8546.99053398
22,50,7877.23921359
22,51,6492.84542718
22,52,6693.83059223
22,53,5896.60018447
22,54,4713.18691262
22,55,6281.06308738
22,56,6714.4938835
22,57,7143.23509709
22,58,5178.64473786
22,59,6740.34083495
22,60,7564.55787379
22,61,8178.49801942
22,62,9054.7521068
22,63,10202.0493883
22,64,8708.78937864
22,65,8455.62338835
22,66,8249.1464466
22,67,8333.00339806
22,68,9581.25108738
22,69,8730.52549515
22,70,8572.5355534
23,0,11472.3030485
23,1,9702.66898058
23,2,8422.26501942
23,3,9419.63340777
23,4,8186.76545631
23,5,6171.28418447
23,6,6550.20184466
23,7,7619.82216505
23,8,4494.72796117
23,9,3877.30868932
23,10,2144.34598058
23,11,673.672660194
23,12,1655.03172816
23,13,3181.26692233
23,14,2916.37460194
23,15,4417.3296699
23,16,2630.94360194
23,17,1308.73901942
23,18,2308.58373786
23,19,2663.63812621
23,20,2364.95351456
23,21,2322.00570874
23,22,1293.7033301
23,23,0.0
23,24,1599.05512621
23,25,2245.4681165
23,26,1949.78863107
23,27,2144.48859223
23,28,3064.20601942
23,29,3988.67490291
23,30,2879.12887379
23,31,3322.01447573
23,32,2366.97713592
23,33,1876.25962136
23,34,1495.76700971
23,35,2106.65485437
23,36,2685.03336893
23,37,4193.97438835
23,38,4925.0441165
23,39,6383.4145534
23,40,6680.96917476
23,41,7148.2312233
23,42,6491.38216505
23,43,6316.59013592
23,44,7384.8522233
23,45,6977.91492233
23,46,7558.33302913
23,47,7899.67666019
23,48,8503.67425243
23,49,8929.987
23,50,8411.07647573
23,51,7085.78694175
23,52,7503.91672816
23,53,6740.89132039
23,54,5490.11834951
23,55,6956.6624466
23,56,7557.37550485
23,57,8116.05327184
23,58,6015.46012621
23,59,7543.05476699
23,60,8190.543
23,61,8717.38891262
23,62,9437.62117476
23,63,10541.1870583
23,64,8953.66335922
23,65,8942.69886408
23,66,8660.76075728
23,67,8529.73268932
23,68,9991.2944466
23,69,9162.46847573
23,70,8995.25506796
24,0,10817.2567573
24,1,9019.62460194
24,2,7603.15917476
24,3,8349.39199029
24,4,7043.96050485
24,5,5300.02502913
24,6,6131.15808738
24,7,7203.86684466
24,8,4464.71965049
24,9,4141.49752427
24,10,2366.4931068
24,11,1060.18534951
24,12,2204.65218447
24,13,2771.58006796
24,14,2526.14898058
24,15,4397.34887379
24,16,2706.78525243
24,17,1744.10347573
24,18,1856.1001068
24,19,2519.42097087
24,20,2209.81570874
24,21,1694.44036893
24,22,1796.90851456
24,23,1599.05512621
24,24,0.0
24,25,1271.71747573
24,26,1574.24770874
24,27,1660.12159223
24,28,2437.64705825
24,29,3491.0318932
24,30,2145.52985437
24,31,2264.49330097
24,32,2070.95532039
24,33,2160.54459223
24,34,2049.95656311
24,35,3371.28025243
24,36,2791.84618447
24,37,4255.72935922
24,38,4818.06358252
24,39,6175.328
24,40,6844.56719417
24,41,7493.179
24,42,6625.93251456
24,43,5781.14451456
24,44,6626.09515534
24,45,6065.84660194
24,46,6594.30373786
24,47,6646.31540777
24,48,7238.86668932
24,49,7797.5251068
24,50,7143.05719417
24,51,5736.18654369
24,52,6413.19154369
24,53,5997.20316505
24,54,4429.34016505
24,55,5714.30549515
24,56,6366.72138835
24,57,7094.57269903
24,58,5108.01320388
24,59,6436.64643689
24,60,6907.96853398
24,61,7442.27065049
24,62,8108.64184466
24,63,9252.45956311
24,64,7683.27598058
24,65,7746.71547573
24,66,7341.90345631
24,67,7188.52849515
24,68,8692.56347573
24,69,7939.99684466
24,70,7649.88669903
25,0,11311.089
25,1,9490.60053398
25,2,7909.90012621
25,3,8649.27328155
25,4,7379.10478641
25,5,5708.63535922
25,6,6979.42148544
25,7,8118.48390291
25,8,5002.58583495
25,9,4799.25578641
25,10,3052.81385437
25,11,1758.21957282
25,12,1983.20669903
25,13,1836.68620388
25,14,1469.19758252
25,15,3642.49398058
25,16,2205.80701942
25,17,2038.51897087
25,18,1890.46473786
25,19,1805.74893204
25,20,1317.55592233
25,21,576.331135922
25,22,1579.73715534
25,23,2245.4681165
25,24,1271.71747573
25,25,0.0
25,26,1444.45776699
25,27,807.106902913
25,28,1224.74751456
25,29,2266.26557282
25,30,1126.49216505
25,31,1978.08523301
25,32,1708.6638835
25,33,1624.49264078
25,34,1767.85767961
25,35,3276.78846602
25,36,2442.03953398
25,37,4371.23775728
25,38,4786.25927184
25,39,6029.39078641
25,40,6882.27415534
25,41,7609.65502913
25,42,6707.14407767
25,43,5596.14872816
25,44,6074.92901942
25,45,5742.64312621
25,46,6202.57206796
25,47,6230.27325243
25,48,6732.05392233
25,49,7342.12331068
25,50,6529.71042718
25,51,5056.83050485
25,52,5494.71283495
25,53,5054.54268932
25,54,3512.38446602
25,55,4930.03290291
25,56,5418.58321359
25,57,6023.72039806
25,58,4143.83253398
25,59,5520.12820388
25,60,6192.4657767
25,61,6822.64571845
25,62,7668.40250485
25,63,8856.3297767
25,64,7392.80597087
25,65,7181.09469903
25,66,6871.84425243
25,67,6965.77499029
25,68,8222.34947573
25,69,7441.04116505
25,70,7171.71065049
26,0,12166.813534
26,1,10483.5667184
26,2,9051.47492233
26,3,9727.01599029
26,4,8435.33361165
26,5,6786.02576699
26,6,7651.05706796
26,7,8702.29919417
26,8,5841.17641748
26,9,5428.59983495
26,10,3599.02039806
26,11,1672.74094175
26,12,2460.44335922
26,13,3031.46379612
26,14,2038.87591262
26,15,3136.06229126
26,16,1555.43005825
26,17,1191.06925243
26,18,793.479194175
26,19,1332.82483495
26,20,2152.33442718
26,21,1443.08209709
26,22,1468.42685437
26,23,1949.78863107
26,24,1574.24770874
26,25,1444.45776699
26,26,0.0
26,27,1428.78076699
26,28,2027.55660194
26,29,3122.16876699
26,30,2452.22757282
26,31,3331.92978641
26,32,2811.06733981
26,33,2048.67898058
26,34,1442.95154369
26,35,2831.99953398
26,36,3401.69482524
26,37,5371.44009709
26,38,5903.30471845
26,39,7248.74346602
26,40,7914.38347573
26,41,8536.6638932
26,42,7736.97916505
26,43,6916.83016505
26,44,7487.52870874
26,45,7143.37664078
26,46,7613.30136893
26,47,7573.47060194
26,48,8066.68870874
26,49,8725.5936699
26,50,7846.16387379
26,51,6295.30961165
26,52,6768.6387767
26,53,6364.39852427
26,54,4835.4348932
26,55,6208.71840777
26,56,6553.53903883
26,57,7135.20682524
26,58,5457.65826214
26,59,6777.12772816
26,60,7448.78725243
26,61,8105.87757282
26,62,8942.05070874
26,63,10160.9566019
26,64,8698.15580583
26,65,8534.51879612
26,66,8163.56227184
26,67,8222.23383495
26,68,9527.35448544
26,69,8789.44705825
26,70,8451.76221359
27,0,11716.2889612
27,1,9895.07292233
27,2,8355.05940777
27,3,9176.77191262
27,4,7918.84748544
27,5,6152.43290291
27,6,7327.82559223
27,7,8479.08019417
27,8,5174.88580583
27,9,4891.15141748
27,10,3152.17250485
27,11,1761.3715534
27,12,1701.63213592
27,13,1886.98481553
27,14,1453.44397087
27,15,3476.07818447
27,16,2031.31935922
27,17,1944.0281068
27,18,2014.30038835
27,19,1667.83319417
27,20,1168.95759223
27,21,755.98068932
27,22,1234.02576699
27,23,2144.48859223
27,24,1660.12159223
27,25,807.106902913
27,26,1428.78076699
27,27,0.0
27,28,1216.3066699
27,29,2198.57348544
27,30,1360.06738835
27,31,2429.25987379
27,32,1795.22533981
27,33,1261.19568932
27,34,1353.94378641
27,35,2758.56807767
27,36,2342.34191262
27,37,4427.2426699
27,38,4869.15018447
27,39,6129.36705825
27,40,6888.49693204
27,41,7569.25376699
27,42,6734.62604854
27,43,5819.38523301
27,44,6316.37780583
27,45,6091.98687379
27,46,6558.57308738
27,47,6690.34070874
27,48,7175.61539806
27,49,7743.24960194
27,50,6954.55030097
27,51,5517.36703883
27,52,5797.95200971
27,53,5206.11738835
27,54,3838.33297087
27,55,5321.9418835
27,56,5742.6401165
27,57,6239.02633981
27,58,4360.21101942
27,59,5813.03765049
27,60,6589.35704854
27,61,7233.17916505
27,62,8130.46443689
27,63,9314.59237864
27,64,7869.09215534
27,65,7577.72415534
27,66,7337.54808738
27,67,7482.30694175
27,68,8674.38084466
27,69,7872.74814563
27,70,7648.70013592
28,0,11988.288165
28,1,10160.2941262
28,2,8529.61275728
28,3,9280.22957282
28,4,8062.70440777
28,5,6454.25075728
28,6,7960.22548544
28,7,9137.05528155
28,8,5758.57208738
28,9,5603.55268932
28,10,3933.83923301
28,11,2678.52966019
28,12,2320.71414563
28,13,1600.72167961
28,14,882.07907767
28,15,3063.35421359
28,16,2100.39360194
28,17,2659.81440777
28,18,2454.2676699
28,19,1600.4028932
28,20,1255.96556311
28,21,862.941339806
28,22,1984.81165049
28,23,3064.20601942
28,24,2437.64705825
28,25,1224.74751456
28,26,2027.55660194
28,27,1216.3066699
28,28,0.0
28,29,1240.65115534
28,30,1121.45912621
28,31,2528.74623301
28,32,2127.91016505
28,33,1738.64548544
28,34,2009.94831068
28,35,3362.88204854
28,36,2650.98356311
28,37,4822.96459223
28,38,5120.53567961
28,39,6227.39665049
28,40,7166.4273301
28,41,7920.25329126
28,42,7038.46243689
28,43,5823.29962136
28,44,5957.69331068
28,45,5888.14570874
28,46,6272.22351456
28,47,6309.10468932
28,48,6705.19283495
28,49,7337.9621068
28,50,6396.95676699
28,51,4910.27535922
28,52,5014.62294175
28,53,4505.09260194
28,54,3136.52813592
28,55,4658.44169903
28,56,4903.93166019
28,57,5312.0191068
28,58,3636.21253398
28,59,5042.31153398
28,60,5952.0148932
28,61,6669.94214563
28,62,7688.97056311
28,63,8896.45048544
28,64,7561.06200971
28,65,7073.08112621
28,66,6881.63253398
28,67,7214.38492233
28,68,8201.12023301
28,69,7399.60956311
28,70,7167.79374757
29,0,12357.5347282
29,1,10473.4462913
29,2,8752.12412621
29,3,9562.93258252
29,4,8430.40230097
29,5,6860.16231068
29,6,8603.97957282
29,7,9822.20283495
29,8,6196.74463107
29,9,6145.12274757
29,10,4642.87226214
29,11,3677.10869903
29,12,2857.17996117
29,13,1532.57193204
29,14,1363.70333981
29,15,3203.80487379
29,16,2774.50773786
29,17,3636.45439806
29,18,3501.20641748
29,19,2346.70767961
29,20,1721.79590291
29,21,1886.44069903
29,22,2819.36613592
29,23,3988.67490291
29,24,3491.0318932
29,25,2266.26557282
29,26,3122.16876699
29,27,2198.57348544
29,28,1240.65115534
29,29,0.0
29,30,1593.75180583
29,31,2983.55306796
29,32,2568.50904854
29,33,2342.37785437
29,34,2821.26021359
29,35,3885.19527184
29,36,2846.60872816
29,37,4993.62056311
29,38,5147.51419417
29,39,6052.97387379
29,40,7074.87117476
29,41,7859.55162136
29,42,6994.83561165
29,43,5681.19803883
29,44,5487.05904854
29,45,5697.99099029
29,46,6007.7811068
29,47,6146.94367961
29,48,6448.45302913
29,49,7027.58969903
29,50,6068.91861165
29,51,4702.39236893
29,52,4384.14234951
29,53,3683.62451456
29,54,2712.56917476
29,55,4307.84361165
29,56,4380.08371845
29,57,4524.94191262
29,58,2980.81674757
29,59,4449.86098058
29,60,5597.93165049
29,61,6345.99847573
29,62,7495.70027184
29,63,8664.238
29,64,7456.74800971
29,65,6712.36398058
29,66,6685.9193301
29,67,7221.41413592
29,68,7933.74987379
29,69,7090.1711165
29,70,6962.03052427
30,0,11166.8377087
30,1,9257.45442718
30,2,7566.71516505
30,3,8424.5688835
30,4,7219.47759223
30,5,5486.65140777
30,6,7052.46074757
30,7,8260.8225534
30,8,4776.23925243
30,9,4717.40739806
30,10,3175.65396117
30,11,2468.89597087
30,12,1924.95496117
30,13,844.452194175
30,14,1434.94943689
30,15,3943.82384466
30,16,2750.81849515
30,17,2865.41432039
30,18,2895.72679612
30,19,2345.96951456
30,20,1053.081
30,21,1096.26192233
30,22,2054.0636699
30,23,2879.12887379
30,24,2145.52985437
30,25,1126.49216505
30,26,2452.22757282
30,27,1360.06738835
30,28,1121.45912621
30,29,1593.75180583
30,30,0.0
30,31,1549.96459223
30,32,1211.65294175
30,33,1642.95637864
30,34,2238.69724272
30,35,3528.09361165
30,36,1831.86464078
30,37,3828.29081553
30,38,4111.58983495
30,39,5221.59023301
30,40,6186.67920388
30,41,6971.93121359
30,42,6043.8218932
30,43,4803.19178641
30,44,5126.46576699
30,45,4974.0908835
30,46,5414.81690291
30,47,5624.24516505
30,48,6096.16979612
30,49,6613.46015534
30,50,5873.59956311
30,51,4529.64804854
30,52,4691.30912621
30,53,4028.25224272
30,54,2702.5322233
30,55,4272.50006796
30,56,4792.96549515
30,57,5268.64290291
30,58,3208.40299029
30,59,4744.56108738
30,60,5566.8937767
30,61,6191.56362136
30,62,7122.68902913
30,63,8268.62554369
30,64,6850.40290291
30,65,6465.12384466
30,66,6305.9905534
30,67,6529.75832039
30,68,7618.60947573
30,69,6766.28183495
30,70,6623.94423301
31,0,9903.64328155
31,1,7963.75315534
31,2,6209.09316505
31,3,7006.92727184
31,4,5743.4631165
31,5,3965.50941748
31,6,5694.15903883
31,7,6901.52095146
31,8,3727.72409709
31,9,3899.67075728
31,10,2678.3988932
31,11,2853.09038835
31,12,2692.69429126
31,13,1928.58664078
31,14,2861.36031068
31,15,5346.34508738
31,16,4007.52525243
31,17,3656.36702913
31,18,3697.65830097
31,19,3656.16351456
31,20,2375.58729126
31,21,2316.18573786
31,22,3048.50003883
31,23,3322.01447573
31,24,2264.49330097
31,25,1978.08523301
31,26,3331.92978641
31,27,2429.25987379
31,28,2528.74623301
31,29,2983.55306796
31,30,1549.96459223
31,31,0.0
31,32,1523.597
31,33,2752.40985437
31,34,3332.83058252
31,35,4560.99058252
31,36,2168.52709709
31,37,3124.68533981
31,38,3357.84637864
31,39,4393.45538835
31,40,5486.05974757
31,41,6341.77806796
31,42,5285.62357282
31,43,3753.60857282
31,44,4382.63696117
31,45,3853.32505825
31,46,4366.00723301
31,47,4595.09161165
31,48,5195.68768932
31,49,5631.88516505
31,50,5134.9093301
31,51,3980.89993204
31,52,4532.7168835
31,53,4051.42006796
31,54,2631.86835922
31,55,3856.74020388
31,56,4789.17140777
31,57,5488.35433981
31,58,3231.98153398
31,59,4581.49640777
31,60,5033.17593204
31,61,5497.95375728
31,62,6184.98786408
31,63,7258.76929126
31,64,5708.52148544
31,65,5640.7476699
31,66,5391.43356311
31,67,5341.36666019
31,68,6692.96226214
31,69,5858.39060194
31,70,5729.81721359
32,0,10696.8240874
32,1,8731.47
32,2,7114.9026699
32,3,8202.67860194
32,4,7025.9732233
32,5,4994.76392233
32,6,6272.69705825
32,7,7509.34846602
32,8,3737.54854369
32,9,3599.73484466
32,10,2131.33635922
32,11,2071.50906796
32,12,1264.551
32,13,1225.96372816
32,14,2212.50532039
32,15,4668.42265049
32,16,3211.07807767
32,17,2854.16037864
32,18,3310.68040777
32,19,2950.41112621
32,20,1332.87135922
32,21,1777.4265534
32,22,1933.87594175
32,23,2366.97713592
32,24,2070.95532039
32,25,1708.6638835
32,26,2811.06733981
32,27,1795.22533981
32,28,2127.91016505
32,29,2568.50904854
32,30,1211.65294175
32,31,1523.597
32,32,0.0
32,33,1480.61236893
32,34,2215.03314563
32,35,3173.61861165
32,36,860.00138835
32,37,2783.22
32,38,3231.73184466
32,39,4504.54937864
32,40,5242.44843689
32,41,5957.57013592
32,42,5084.49953398
32,43,4293.41004854
32,44,5088.4934466
32,45,4860.4531068
32,46,5404.95445631
32,47,5917.38167961
32,48,6478.97067961
32,49,6812.12920388
32,50,6367.0893301
32,51,5225.16015534
32,52,5390.8017767
32,53,4464.66017476
32,54,3433.79950485
32,55,4961.47692233
32,56,5673.89650485
32,57,6134.85535922
32,58,3829.0341068
32,59,5455.88512621
32,60,6203.60212621
32,61,6713.47418447
32,62,7524.02693204
32,63,8579.40148544
32,64,7066.15830097
32,65,6830.0964466
32,66,6723.17626214
32,67,6774.21816505
32,68,7999.4417767
32,69,7097.39546602
32,70,7074.89180583
33,0,11848.8885049
33,1,9961.82872816
33,2,8441.90043689
33,3,9506.02182524
33,4,8323.85707767
33,5,6348.89081553
33,6,7388.29308738
33,7,8579.32714563
33,8,4872.06066019
33,9,4503.88550485
33,10,2855.09130097
33,11,1755.37706796
33,12,794.896475728
33,13,1692.5722233
33,14,1542.01873786
33,15,3552.69674757
33,16,2057.01618447
33,17,1959.1918932
33,18,2576.79187379
33,19,1893.7778932
33,20,829.012514563
33,21,1324.24909709
33,22,871.284718447
33,23,1876.25962136
33,24,2160.54459223
33,25,1624.49264078
33,26,2048.67898058
33,27,1261.19568932
33,28,1738.64548544
33,29,2342.37785437
33,30,1642.95637864
33,31,2752.40985437
33,32,1480.61236893
33,33,0.0
33,34,1010.12473786
33,35,1975.5911165
33,36,1682.30378641
33,37,3929.33549515
33,38,4443.13021359
33,39,5745.62581553
33,40,6298.88412621
33,41,6895.52803883
33,42,6173.34348544
33,43,5660.73928155
33,44,6307.53501942
33,45,6215.82953398
33,46,6721.5633301
33,47,7129.98967961
33,48,7631.47496117
33,49,8058.38453398
33,50,7432.79796117
33,51,6126.40518447
33,52,6173.28669903
33,53,5246.14074757
33,54,4224.84365049
33,55,5842.53566019
33,56,6281.55518447
33,57,6634.71949515
33,58,4604.31682524
33,59,6230.4438835
33,60,7132.89632039
33,61,7745.66212621
33,62,8667.7936699
33,63,9786.29148544
33,64,8327.54026214
33,65,7975.27831068
33,66,7854.65279612
33,67,8011.75907767
33,68,9158.43414563
33,69,8271.41316505
33,70,8183.30297087
34,0,12290.8423883
34,1,10486.9548155
34,2,9033.79293204
34,3,10010.4992427
34,4,8793.0214466
34,5,6874.14648544
34,6,7704.63625243
34,7,8836.33182524
34,8,5393.4183301
34,9,4911.82296117
34,10,3159.24159223
34,11,1499.38379612
34,12,1357.72657282
34,13,2465.21428155
34,14,1773.06856311
34,15,3155.84619417
34,16,1472.81276699
34,17,1142.12586408
34,18,1927.65971845
34,19,1446.15918447
34,20,1446.56419417
34,21,1472.95102913
34,22,427.390980583
34,23,1495.76700971
34,24,2049.95656311
34,25,1767.85767961
34,26,1442.95154369
34,27,1353.94378641
34,28,2009.94831068
34,29,2821.26021359
34,30,2238.69724272
34,31,3332.83058252
34,32,2215.03314563
34,33,1010.12473786
34,34,0.0
34,35,1563.418
34,36,2500.77051456
34,37,4646.78769903
34,38,5221.75887379
34,39,6584.01846602
34,40,7069.11843689
34,41,7615.54408738
34,42,6930.18537864
34,43,6482.69419417
34,44,7158.46375728
34,45,6996.25202913
34,46,7503.34084466
34,47,7787.02364078
34,48,8290.8697767
34,49,8791.85191262
34,50,8080.11013592
34,51,6669.59078641
34,52,6831.72257282
34,53,6037.86533981
34,54,4869.7978835
34,55,6446.9996699
34,56,6816.19683495
34,57,7215.06472816
34,58,5322.87781553
34,59,6874.15801942
34,60,7733.67480583
34,61,8368.48178641
34,62,9273.86869903
34,63,10437.6097864
34,64,8964.2433301
34,65,8673.8447767
34,66,8470.24318447
34,67,8592.14887379
34,68,9806.35763107
34,69,8959.29327184
34,70,8791.72131068
35,0,13041.4962816
35,1,11240.9901845
35,2,9869.94900971
35,3,11061.0825825
35,4,9913.49729126
35,5,7812.25598058
35,6,8329.04571845
35,7,9446.69643689
35,8,5781.64784466
35,9,5133.74308738
35,10,3661.90975728
35,11,2470.59101942
35,12,1957.04781553
35,13,3467.09673786
35,14,3002.57050485
35,15,3754.83203883
35,16,2443.06345631
35,17,2195.9428835
35,18,3233.19305825
35,19,2666.11224272
35,20,2578.69157282
35,21,2968.50551456
35,22,1731.29375728
35,23,2106.65485437
35,24,3371.28025243
35,25,3276.78846602
35,26,2831.99953398
35,27,2758.56807767
35,28,3362.88204854
35,29,3885.19527184
35,30,3528.09361165
35,31,4560.99058252
35,32,3173.61861165
35,33,1975.5911165
35,34,1563.418
35,35,0.0
35,36,3062.17170874
35,37,4965.70572816
35,38,5625.15952427
35,39,6980.36573786
35,40,7120.33485437
35,41,7480.40616505
35,42,7021.93331068
35,43,7161.98757282
35,44,8002.46969903
35,45,7966.4201068
35,46,8505.87631068
35,47,9025.1158932
35,48,9538.74346602
35,49,9915.77331068
35,50,9343.4997767
35,51,8037.65462136
35,52,8007.00990291
35,53,6938.66363107
35,54,6097.42045631
35,55,7744.57547573
35,56,8096.93430097
35,57,8346.63898058
35,58,6407.07363107
35,59,8063.11969903
35,60,9031.06775728
35,61,9636.71470874
35,62,10564.1467282
35,63,11679.3743107
35,64,10197.6327767
35,65,9862.00240777
35,66,9760.69163107
35,67,9884.92361165
35,68,11065.8021553
35,69,10162.4339515
35,70,10102.9920874
36,0,10844.5508835
36,1,8847.67626214
36,2,7251.76937864
36,3,8511.29040777
36,4,7415.99439806
36,5,5266.76859223
36,6,6466.45420388
36,7,7726.2287767
36,8,3623.18657282
36,9,3460.42099029
36,10,2264.73821359
36,11,2548.03826214
36,12,1251.75112621
36,13,1453.21105825
36,14,2622.11341748
36,15,4974.36130097
36,16,3591.7208835
36,17,3301.31039806
36,18,3934.0881165
36,19,3392.39664078
36,20,1664.86540777
36,21,2392.45839806
36,22,2253.7127767
36,23,2685.03336893
36,24,2791.84618447
36,25,2442.03953398
36,26,3401.69482524
36,27,2342.34191262
36,28,2650.98356311
36,29,2846.60872816
36,30,1831.86464078
36,31,2168.52709709
36,32,860.00138835
36,33,1682.30378641
36,34,2500.77051456
36,35,3062.17170874
36,36,0.0
36,37,2375.01827184
36,38,2825.76814563
36,39,4106.3928932
36,40,4690.94928155
36,41,5356.54476699
36,42,4568.4456699
36,43,4127.44417476
36,44,5013.97948544
36,45,4946.50160194
36,46,5504.03072816
36,47,6249.65565049
36,48,6800.2801165
36,49,7007.02376699
36,50,6699.78520388
36,51,5699.43437864
36,52,5649.78584466
36,53,4460.29557282
36,54,3793.62550485
36,55,5356.53359223
36,56,6057.18346602
36,57,6381.48352427
36,58,4018.68940777
36,59,5729.6501165
36,60,6574.88732039
36,61,7050.2271165
36,62,7885.47327184
36,63,8881.5454466
36,64,7395.15965049
36,65,7079.28584466
36,66,7093.10594175
36,67,7183.01874757
36,68,8316.1795534
36,69,7363.01048544
36,70,7457.87490291
37,0,9310.81959223
37,1,7268.05059223
37,2,5750.7047767
37,3,7283.90232039
37,4,6362.17865049
37,5,3965.67403883
37,6,4901.28134951
37,7,6172.28842718
37,8,1746.39897087
37,9,2032.84454369
37,10,2416.85750485
37,11,4104.25159223
37,12,3349.15928155
37,13,3534.41800971
37,14,4886.09790291
37,15,7293.45527184
37,16,5814.25184466
37,17,5163.83759223
37,18,5855.95970874
37,19,5649.04699029
37,20,3969.92023301
37,21,4524.29268932
37,22,4348.12365049
37,23,4193.97438835
37,24,4255.72935922
37,25,4371.23775728
37,26,5371.44009709
37,27,4427.2426699
37,28,4822.96459223
37,29,4993.62056311
37,30,3828.29081553
37,31,3124.68533981
37,32,2783.22
37,33,3929.33549515
37,34,4646.78769903
37,35,4965.70572816
37,36,2375.01827184
37,37,0.0
37,38,1148.47080583
37,39,2331.99981553
37,40,2595.57208738
37,41,3299.52134951
37,42,2384.72435922
37,43,2712.45171845
37,44,4471.21336893
37,45,4156.55301942
37,46,4814.20274757
37,47,6014.09386408
37,48,6670.34339806
37,49,6504.12824272
37,50,6803.1001068
37,51,6307.1667767
37,52,6386.84829126
37,53,5151.69324272
37,54,4870.86071845
37,55,6020.66954369
37,56,7066.40916505
37,57,7466.62183495
37,58,4972.85426214
37,59,6464.3635534
37,60,6983.35819417
37,61,7176.30509709
37,62,7687.84841748
37,63,8422.40681553
37,64,6878.32119417
37,65,6897.0272233
37,66,7002.36561165
37,67,6769.98935922
37,68,8039.5651068
37,69,7081.34113592
37,70,7392.38873786
38,0,8961.02237864
38,1,6892.22304854
38,2,5302.79893204
38,3,6868.1423301
38,4,6046.41443689
38,5,3786.74094175
38,6,5094.24196117
38,7,6351.65618447
38,8,2335.08665049
38,9,2855.77782524
38,10,3242.94400971
38,11,4780.07753398
38,12,3944.31073786
38,13,3764.19672816
38,14,5239.33637864
38,15,7691.18851456
38,16,6318.40324272
38,17,5807.87839806
38,18,6395.12017476
38,19,6105.68530097
38,20,4376.64863107
38,21,4929.18073786
38,22,4935.71876699
38,23,4925.0441165
38,24,4818.06358252
38,25,4786.25927184
38,26,5903.30471845
38,27,4869.15018447
38,28,5120.53567961
38,29,5147.51419417
38,30,4111.58983495
38,31,3357.84637864
38,32,3231.73184466
38,33,4443.13021359
38,34,5221.75887379
38,35,5625.15952427
38,36,2825.76814563
38,37,1148.47080583
38,38,0.0
38,39,1779.26054369
38,40,2470.01097087
38,41,3309.76730097
38,42,2295.12779612
38,43,2166.67069903
38,44,3865.58667961
38,45,3619.63553398
38,46,4240.97586408
38,47,5546.21981553
38,48,6171.73598058
38,49,5907.12301942
38,50,6326.0848932
38,51,6009.10332039
38,52,5997.17764078
38,53,4748.62685437
38,54,4681.34423301
38,55,5694.21492233
38,56,6774.52160194
38,57,7124.16818447
38,58,4690.79023301
38,59,6079.49956311
38,60,6564.44420388
38,61,6695.97498058
38,62,7178.3703301
38,63,7834.73826214
38,64,6359.63393204
38,65,6341.40116505
38,66,6527.9136699
38,67,6329.42860194
38,68,7477.8238835
38,69,6520.62060194
38,70,6914.05478641
39,0,8588.86228155
39,1,6500.33287379
39,2,4898.26354369
39,3,6628.09320388
39,4,6078.59034951
39,5,4121.48324272
39,6,5710.3106699
39,7,6895.52870874
39,8,3276.71160194
39,9,3997.42708738
39,10,4657.87604854
39,11,6213.12639806
39,12,5303.30880583
39,13,4809.7458932
39,14,6375.20521359
39,15,8828.08057282
39,16,7594.26254369
39,17,7212.53140777
39,18,7738.15343689
39,19,7357.56205825
39,20,5589.86245631
39,21,6160.33609709
39,22,6305.7785534
39,23,6383.4145534
39,24,6175.328
39,25,6029.39078641
39,26,7248.74346602
39,27,6129.36705825
39,28,6227.39665049
39,29,6052.97387379
39,30,5221.59023301
39,31,4393.45538835
39,32,4504.54937864
39,33,5745.62581553
39,34,6584.01846602
39,35,6980.36573786
39,36,4106.3928932
39,37,2331.99981553
39,38,1779.26054369
39,39,0.0
39,40,1763.0371068
39,41,2803.56281553
39,42,1702.75483495
39,43,1331.48149515
39,44,3053.28565049
39,45,3073.46182524
39,46,3592.6648932
39,47,5263.20868932
39,48,5810.11173786
39,49,5244.04666019
39,50,6031.1716699
39,51,6147.58205825
39,52,5928.43581553
39,53,4639.55350485
39,54,5090.30594175
39,55,5780.1488835
39,56,6890.13273786
39,57,7117.74968932
39,58,4873.54
39,59,6006.94923301
39,60,6415.01113592
39,61,6385.77508738
39,62,6790.5941068
39,63,7239.68582524
39,64,5935.06001942
39,65,5818.01619417
39,66,6234.6748932
39,67,6106.45663107
39,68,6960.67292233
39,69,5991.79201942
39,70,6616.52660194
40,0,9049.23887379
40,1,7028.07920388
40,2,5702.38679612
40,3,7656.6368932
40,4,7193.43981553
40,5,5063.46352427
40,6,5800.5261068
40,7,6897.83836893
40,8,3264.74931068
40,9,3773.85842718
40,10,4894.67851456
40,11,6656.15095146
40,12,5732.4138932
40,13,5732.75120388
40,14,7200.81084466
40,15,9540.05002913
40,16,8205.70121359
40,17,7665.45157282
40,18,8407.60067961
40,19,8062.73261165
40,20,6316.75823301
40,21,6986.26574757
40,22,6799.22212621
40,23,6680.96917476
40,24,6844.56719417
40,25,6882.27415534
40,26,7914.38347573
40,27,6888.49693204
40,28,7166.4273301
40,29,7074.87117476
40,30,6186.67920388
40,31,5486.05974757
40,32,5242.44843689
40,33,6298.88412621
40,34,7069.11843689
40,35,7120.33485437
40,36,4690.94928155
40,37,2595.57208738
40,38,2470.01097087
40,39,1763.0371068
40,40,0.0
40,41,1048.02969903
40,42,341.440747573
40,43,2985.1736699
40,44,4749.48347573
40,45,4752.1233301
40,46,5282.20850485
40,47,6949.26995146
40,48,7521.68441748
40,49,6924.85032039
40,50,7765.37615534
40,51,7809.72291262
40,52,7582.0974466
40,53,6149.31769903
40,54,6588.3006699
40,55,7446.41624272
40,56,8510.58424272
40,57,8712.62846602
40,58,6406.83360194
40,59,7672.20353398
40,60,8133.21803883
40,61,8108.41716505
40,62,8467.67421359
40,63,8870.34760194
40,64,7553.3471165
40,65,7537.94047573
40,66,7928.71121359
40,67,7699.35917476
40,68,8647.28786408
40,69,7690.44366019
40,70,8314.13093204
41,0,9412.98757282
41,1,7470.23600971
41,2,6328.91603883
41,3,8365.35090291
41,4,7974.42153398
41,5,5835.59087379
41,6,6157.32624272
41,7,7165.29829126
41,8,3755.5548932
41,9,4103.5292233
41,10,5398.16607767
41,11,7197.45212621
41,12,6288.13564078
41,13,6505.3398835
41,14,7904.01086408
41,15,10152.3040583
41,16,8792.60330097
41,17,8188.50883495
41,18,9027.12038835
41,19,8697.5337767
41,20,6993.26269903
41,21,7697.44572816
41,22,7357.45617476
41,23,7148.2312233
41,24,7493.179
41,25,7609.65502913
41,26,8536.6638932
41,27,7569.25376699
41,28,7920.25329126
41,29,7859.55162136
41,30,6971.93121359
41,31,6341.77806796
41,32,5957.57013592
41,33,6895.52803883
41,34,7615.54408738
41,35,7480.40616505
41,36,5356.54476699
41,37,3299.52134951
41,38,3309.76730097
41,39,2803.56281553
41,40,1048.02969903
41,41,0.0
41,42,1206.47090291
41,43,4021.98099029
41,44,5771.08709709
41,45,5782.59521359
41,46,6307.60226214
41,47,7979.59121359
41,48,8556.49360194
41,49,7933.68065049
41,50,8808.99923301
41,51,8842.10726214
41,52,8600.62067961
41,53,7114.08105825
41,54,7567.39413592
41,55,8478.9523301
41,56,9521.41409709
41,57,9701.46719417
41,58,7389.69354369
41,59,8693.67403883
41,60,9176.34139806
41,61,9145.00302913
41,62,9482.05672816
41,63,9852.12963107
41,64,8544.85895146
41,65,8566.17700971
41,66,8955.66994175
41,67,8690.67685437
41,68,9658.34700971
41,69,8709.08845631
41,70,9343.79348544
42,0,8867.88182524
42,1,6842.04261165
42,2,5501.5983301
42,3,7425.64680583
42,4,6926.65381553
42,5,4763.89099029
42,6,5463.45692233
42,7,6568.31225243
42,8,2944.74257282
42,9,3487.82143689
42,10,4653.88698058
42,11,6458.2104466
42,12,5598.74630097
42,13,5625.7143301
42,14,7082.79243689
42,15,9447.0318932
42,16,8074.73186408
42,17,7488.75260194
42,18,8221.17931068
42,19,7929.83126214
42,20,6194.66469903
42,21,6833.66840777
42,22,6651.52620388
42,23,6491.38216505
42,24,6625.93251456
42,25,6707.14407767
42,26,7736.97916505
42,27,6734.62604854
42,28,7038.46243689
42,29,6994.83561165
42,30,6043.8218932
42,31,5285.62357282
42,32,5084.49953398
42,33,6173.34348544
42,34,6930.18537864
42,35,7021.93331068
42,36,4568.4456699
42,37,2384.72435922
42,38,2295.12779612
42,39,1702.75483495
42,40,341.440747573
42,41,1206.47090291
42,42,0.0
42,43,2850.80302913
42,44,4717.48227184
42,45,4620.53330097
42,46,5173.90727184
42,47,6802.83760194
42,48,7398.26025243
42,49,6826.65475728
42,50,7655.15329126
42,51,7671.08576699
42,52,7520.6641165
42,53,6141.34691262
42,54,6482.72769903
42,55,7334.08208738
42,56,8427.66481553
42,57,8678.63282524
42,58,6344.33860194
42,59,7608.29872816
42,60,8028.93804854
42,61,8002.81750485
42,62,8334.82581553
42,63,8752.01727184
42,64,7397.58204854
42,65,7445.12508738
42,66,7792.18454369
42,67,7514.31729126
42,68,8532.48096117
42,69,7584.95412621
42,70,8178.12447573
43,0,8263.40885437
43,1,6182.74682524
43,2,4412.47028155
43,3,5789.97056311
43,4,5092.78233981
43,5,3319.29238835
43,6,5420.36017476
43,7,6599.78327184
43,8,3423.97980583
43,9,4253.91959223
43,10,4641.04994175
43,11,6041.64330097
43,12,5315.52982524
43,13,4529.46432039
43,14,6058.22661165
43,15,8567.53066019
43,16,7367.53468932
43,17,7024.46433981
43,18,7355.34053398
43,19,7073.17472816
43,20,5385.26321359
43,21,5793.5641165
43,22,6192.04763107
43,23,6316.59013592
43,24,5781.14451456
43,25,5596.14872816
43,26,6916.83016505
43,27,5819.38523301
43,28,5823.29962136
43,29,5681.19803883
43,30,4803.19178641
43,31,3753.60857282
43,32,4293.41004854
43,33,5660.73928155
43,34,6482.69419417
43,35,7161.98757282
43,36,4127.44417476
43,37,2712.45171845
43,38,2166.67069903
43,39,1331.48149515
43,40,2985.1736699
43,41,4021.98099029
43,42,2850.80302913
43,43,0.0
43,44,2161.37269903
43,45,1788.59754369
43,46,2370.05036893
43,47,3968.9842233
43,48,4552.34708738
43,49,4060.02082524
43,50,4816.32026214
43,51,4978.08456311
43,52,4966.96948544
43,53,4012.14683495
43,54,4234.70441748
43,55,4684.45327184
43,56,5909.69112621
43,57,6280.63464078
43,58,4108.54606796
43,59,5044.02221359
43,60,5258.06154369
43,61,5204.07424272
43,62,5546.88801942
43,63,6041.34997087
43,64,4670.56031068
43,65,4637.87231068
43,66,4977.25196117
43,67,4797.52269903
43,68,5736.18832039
43,69,4786.72126214
43,70,5342.9962233
44,0,9186.15273786
44,1,7221.84082524
44,2,5452.06076699
44,3,6396.8236699
44,4,5798.45179612
44,5,4744.16680583
44,6,7276.17870874
44,7,8410.03265049
44,8,5447.0658932
44,9,6196.33072816
44,10,6137.99482524
44,11,7027.93623301
44,12,6178.40480583
44,13,4814.6708835
44,14,6251.9228835
44,15,8567.94181553
44,16,7751.1807767
44,17,7805.94694175
44,18,7893.38285437
44,19,7380.8953301
44,20,5837.24334951
44,21,6185.70501942
44,22,6920.09749515
44,23,7384.8522233
44,24,6626.09515534
44,25,6074.92901942
44,26,7487.52870874
44,27,6316.37780583
44,28,5957.69331068
44,29,5487.05904854
44,30,5126.46576699
44,31,4382.63696117
44,32,5088.4934466
44,33,6307.53501942
44,34,7158.46375728
44,35,8002.46969903
44,36,5013.97948544
44,37,4471.21336893
44,38,3865.58667961
44,39,3053.28565049
44,40,4749.48347573
44,41,5771.08709709
44,42,4717.48227184
44,43,2161.37269903
44,44,0.0
44,45,1471.00017476
44,46,1393.90073786
44,47,2939.62920388
44,48,3203.23395146
44,49,2684.65356311
44,50,3305.56963107
44,51,3855.69342718
44,52,3323.77625243
44,53,2583.7521068
44,54,3449.82830097
44,55,3413.46542718
44,56,4469.95502913
44,57,4597.21947573
44,58,3011.61486408
44,59,3427.46813592
44,60,3741.99618447
44,61,3697.04149515
44,62,4331.53479612
44,63,4815.15941748
44,64,3839.75799029
44,65,3062.64164078
44,66,3770.43454369
44,67,4171.67903883
44,68,4355.97521359
44,69,3347.79446602
44,70,4066.17086408
45,0,8278.57116505
45,1,6321.06767961
45,2,4496.72975728
45,3,5214.6491068
45,4,4429.50921359
45,5,3411.25023301
45,6,6038.03619417
45,7,7122.62518447
45,8,4695.10971845
45,9,5525.13120388
45,10,5552.33880583
45,11,6584.04816505
45,12,6041.84116505
45,13,4856.0972233
45,14,6226.08832039
45,15,8654.45505825
45,16,7634.49952427
45,17,7455.50051456
45,18,7498.74033981
45,19,7268.78718447
45,20,5782.12991262
45,21,5978.3728835
45,22,6718.62768932
45,23,6977.91492233
45,24,6065.84660194
45,25,5742.64312621
45,26,7143.37664078
45,27,6091.98687379
45,28,5888.14570874
45,29,5697.99099029
45,30,4974.0908835
45,31,3853.32505825
45,32,4860.4531068
45,33,6215.82953398
45,34,6996.25202913
45,35,7966.4201068
45,36,4946.50160194
45,37,4156.55301942
45,38,3619.63553398
45,39,3073.46182524
45,40,4752.1233301
45,41,5782.59521359
45,42,4620.53330097
45,43,1788.59754369
45,44,1471.00017476
45,45,0.0
45,46,685.566368932
45,47,2212.75653398
45,48,2783.25078641
45,49,2371.05803883
45,50,3112.18690291
45,51,3551.71135922
45,52,3758.83098058
45,53,3476.09862136
45,54,3532.93297087
45,55,3373.08645631
45,56,4703.23100971
45,57,5198.7253301
45,58,3454.90523301
45,59,3833.46704854
45,60,3703.38365049
45,61,3560.10401942
45,62,3836.34248544
45,63,4365.03713592
45,64,3008.91125243
45,65,2939.92662136
45,66,3260.52751456
45,67,3157.74234951
45,68,3992.49386408
45,69,3058.06286408
45,70,3575.64036893
46,0,8393.88345631
46,1,6497.90107767
46,2,4720.20621359
46,3,5279.39241748
46,4,4599.13140777
46,5,3919.97983495
46,6,6600.33429126
46,7,7640.29776699
46,8,5376.53628155
46,9,6210.36918447
46,10,6203.6881068
46,11,7148.11526214
46,12,6592.13358252
46,13,5295.09818447
46,14,6624.97846602
46,15,8988.39830097
46,16,8067.90700971
46,17,7974.30320388
46,18,7953.24591262
46,19,7685.99633981
46,20,6249.00341748
46,21,6422.50560194
46,22,7237.3892233
46,23,7558.33302913
46,24,6594.30373786
46,25,6202.57206796
46,26,7613.30136893
46,27,6558.57308738
46,28,6272.22351456
46,29,6007.7811068
46,30,5414.81690291
46,31,4366.00723301
46,32,5404.95445631
46,33,6721.5633301
46,34,7503.34084466
46,35,8505.87631068
46,36,5504.03072816
46,37,4814.20274757
46,38,4240.97586408
46,39,3592.6648932
46,40,5282.20850485
46,41,6307.60226214
46,42,5173.90727184
46,43,2370.05036893
46,44,1393.90073786
46,45,685.566368932
46,46,0.0
46,47,1847.53299029
46,48,2289.81046602
46,49,1734.19260194
46,50,2646.95724272
46,51,3393.75048544
46,52,3515.73380583
46,53,3448.86092233
46,54,3667.82186408
46,55,3221.85082524
46,56,4503.43572816
46,57,4951.20086408
46,58,3513.06686408
46,59,3586.73487379
46,60,3336.07768932
46,61,3089.67639806
46,62,3351.07173786
46,63,3801.20156311
46,64,2602.11133981
46,65,2355.33616505
46,66,2827.28073786
46,67,2881.8788932
46,68,3416.28764078
46,69,2474.32929126
46,70,3108.00062136
47,0,8775.24933981
47,1,7096.52465049
47,2,5405.1797767
47,3,5195.56803883
47,4,4318.53324272
47,5,4350.28654369
47,6,7108.93113592
47,7,8042.35394175
47,8,6386.17926214
47,9,7146.96275728
47,10,6826.73191262
47,11,7409.0975534
47,12,7139.47391262
47,13,5728.74992233
47,14,6742.56468932
47,15,8911.52903883
47,16,8126.92382524
47,17,8108.51634951
47,18,7811.12559223
47,19,7702.64669903
47,20,6587.15627184
47,21,6501.67951456
47,22,7542.49230097
47,23,7899.67666019
47,24,6646.31540777
47,25,6230.27325243
47,26,7573.47060194
47,27,6690.34070874
47,28,6309.10468932
47,29,6146.94367961
47,30,5624.24516505
47,31,4595.09161165
47,32,5917.38167961
47,33,7129.98967961
47,34,7787.02364078
47,35,9025.1158932
47,36,6249.65565049
47,37,6014.09386408
47,38,5546.21981553
47,39,5263.20868932
47,40,6949.26995146
47,41,7979.59121359
47,42,6802.83760194
47,43,3968.9842233
47,44,2939.62920388
47,45,2212.75653398
47,46,1847.53299029
47,47,0.0
47,48,789.946087379
47,49,1414.42425243
47,50,1298.80405825
47,51,2182.71590291
47,52,3057.12943689
47,53,3950.43559223
47,54,3540.00904854
47,55,2390.4068932
47,56,3680.72760194
47,57,4442.47768932
47,58,3644.87185437
47,59,3075.6021165
47,60,2142.75301942
47,61,1906.70373786
47,62,1939.59061165
47,63,2733.21725243
47,64,1437.13356311
47,65,1467.30764078
47,66,1307.05808738
47,67,1429.27141748
47,68,2150.26149515
47,69,1465.74539806
47,70,1444.09165049
48,0,9209.62936893
48,1,7597.32178641
48,2,5964.08034951
48,3,5672.51773786
48,4,4921.00333981
48,5,5121.1158835
48,6,7885.79375728
48,7,8801.49368932
48,8,7130.71160194
48,9,7885.03272816
48,10,7519.34876699
48,11,8005.91381553
48,12,7686.22845631
48,13,6177.9181165
48,14,7146.17753398
48,15,9208.45513592
48,16,8555.72739806
48,17,8648.42549515
48,18,8298.24
48,19,8117.07068932
48,20,7057.39220388
48,21,6968.09933981
48,22,8064.69443689
48,23,8503.67425243
48,24,7238.86668932
48,25,6732.05392233
48,26,8066.68870874
48,27,7175.61539806
48,28,6705.19283495
48,29,6448.45302913
48,30,6096.16979612
48,31,5195.68768932
48,32,6478.97067961
48,33,7631.47496117
48,34,8290.8697767
48,35,9538.74346602
48,36,6800.2801165
48,37,6670.34339806
48,38,6171.73598058
48,39,5810.11173786
48,40,7521.68441748
48,41,8556.49360194
48,42,7398.26025243
48,43,4552.34708738
48,44,3203.23395146
48,45,2783.25078641
48,46,2289.81046602
48,47,789.946087379
48,48,0.0
48,49,1266.02400971
48,50,726.715834951
48,51,2203.33081553
48,52,2869.16805825
48,53,4013.87332039
48,54,3791.26136893
48,55,2390.34057282
48,56,3464.02097087
48,57,4136.93080583
48,58,3796.77291262
48,59,2872.51669903
48,60,1759.70467961
48,61,1395.20171845
48,62,1532.58862136
48,63,2294.63450485
48,64,1553.7881165
48,65,891.952165049
48,66,970.394223301
48,67,1732.94883495
48,68,1553.76869903
48,69,950.374427184
48,70,931.416203883
49,0,8538.05332039
49,1,6886.74601942
49,2,5301.94054369
49,3,5265.97465049
49,4,4803.14537864
49,5,4985.53602913
49,6,7750.52166019
49,7,8658.72493204
49,8,6965.33258252
49,9,7806.52592233
49,10,7713.50209709
49,11,8475.45501942
49,12,8022.87785437
49,13,6580.26685437
49,14,7738.67086408
49,15,9932.03649515
49,16,9191.38208738
49,17,9212.98501942
49,18,9009.68048544
49,19,8776.07598058
49,20,7523.25838835
49,21,7570.74730097
49,22,8546.99053398
49,23,8929.987
49,24,7797.5251068
49,25,7342.12331068
49,26,8725.5936699
49,27,7743.24960194
49,28,7337.9621068
49,29,7027.58969903
49,30,6613.46015534
49,31,5631.88516505
49,32,6812.12920388
49,33,8058.38453398
49,34,8791.85191262
49,35,9915.77331068
49,36,7007.02376699
49,37,6504.12824272
49,38,5907.12301942
49,39,5244.04666019
49,40,6924.85032039
49,41,7933.68065049
49,42,6826.65475728
49,43,4060.02082524
49,44,2684.65356311
49,45,2371.05803883
49,46,1734.19260194
49,47,1414.42425243
49,48,1266.02400971
49,49,0.0
49,50,1783.91941748
49,51,3294.74964078
49,52,3536.41256311
49,53,4204.24529126
49,54,4426.05398058
49,55,3300.75437864
49,56,4375.57600971
49,57,4843.26557282
49,58,4267.63369903
49,59,3566.51295146
49,60,2742.76181553
49,61,2115.40551456
49,62,2009.30278641
49,63,2188.85759223
49,64,1577.10073786
49,65,1072.27313592
49,66,1766.85930097
49,67,2169.64519417
49,68,1776.56276699
49,69,1027.50915534
49,70,1910.25807767
50,0,9700.81513592
50,1,8086.2121068
50,2,6434.36402913
50,3,6204.76979612
50,4,5442.95957282
50,5,5544.94943689
50,6,8329.9761068
50,7,9289.90872816
50,8,7388.72025243
50,9,8089.16751456
50,10,7583.15021359
50,11,7908.00253398
50,12,7545.82596117
50,13,5950.85046602
50,14,6844.39002913
50,15,8802.02193204
50,16,8267.14273786
50,17,8476.84845631
50,18,8077.38731068
50,19,7814.25563107
50,20,6828.17852427
50,21,6726.12014563
50,22,7877.23921359
50,23,8411.07647573
50,24,7143.05719417
50,25,6529.71042718
50,26,7846.16387379
50,27,6954.55030097
50,28,6396.95676699
50,29,6068.91861165
50,30,5873.59956311
50,31,5134.9093301
50,32,6367.0893301
50,33,7432.79796117
50,34,8080.11013592
50,35,9343.4997767
50,36,6699.78520388
50,37,6803.1001068
50,38,6326.0848932
50,39,6031.1716699
50,40,7765.37615534
50,41,8808.99923301
50,42,7655.15329126
50,43,4816.32026214
50,44,3305.56963107
50,45,3112.18690291
50,46,2646.95724272
50,47,1298.80405825
50,48,726.715834951
50,49,1783.91941748
50,50,0.0
50,51,1762.61870874
50,52,2266.57594175
50,53,3640.30686408
50,54,3421.99256311
50,55,1891.03298058
50,56,2828.59532039
50,57,3454.51303883
50,58,3390.89741748
50,59,2268.48700971
50,60,1166.61072816
50,61,1089.47325243
50,62,1785.40641748
50,63,2722.89583495
50,64,2181.37675728
50,65,1004.33314563
50,66,1190.76567961
50,67,2317.86748544
50,68,1899.75864078
50,69,1314.31121359
50,70,1163.59056311
51,0,10285.1274951
51,1,8620.05554369
51,2,6876.43224272
51,3,6705.19448544
51,4,5667.36046602
51,5,5412.31423301
51,6,8035.88376699
51,7,9054.51939806
51,8,6922.38261165
51,9,7456.56274757
51,10,6599.03282524
51,11,6557.76772816
51,12,6339.24102913
51,13,4754.33972816
51,14,5382.54458252
51,15,7223.43037864
51,16,6724.4412233
51,17,6998.31899029
51,18,6474.32133981
51,19,6256.43494175
51,20,5499.72564078
51,21,5249.2628835
51,22,6492.84542718
51,23,7085.78694175
51,24,5736.18654369
51,25,5056.83050485
51,26,6295.30961165
51,27,5517.36703883
51,28,4910.27535922
51,29,4702.39236893
51,30,4529.64804854
51,31,3980.89993204
51,32,5225.16015534
51,33,6126.40518447
51,34,6669.59078641
51,35,8037.65462136
51,36,5699.43437864
51,37,6307.1667767
51,38,6009.10332039
51,39,6147.58205825
51,40,7809.72291262
51,41,8842.10726214
51,42,7671.08576699
51,43,4978.08456311
51,44,3855.69342718
51,45,3551.71135922
51,46,3393.75048544
51,47,2182.71590291
51,48,2203.33081553
51,49,3294.74964078
51,50,1762.61870874
51,51,0.0
51,52,1870.18409709
51,53,3321.95394175
51,54,2210.47675728
51,55,764.415718447
51,56,1958.14913592
51,57,2936.23921359
51,58,2571.21708738
51,59,1842.13104854
51,60,1373.29969903
51,61,2132.9224466
51,62,3041.93113592
51,63,4267.92152427
51,64,3337.96109709
51,65,2693.04862136
51,66,2276.92998058
51,67,3079.94762136
51,68,3495.04496117
51,69,2955.44601942
51,70,2424.96293204
52,0,11151.5843107
52,1,9382.44201942
52,2,7612.16004854
52,3,7845.2478932
52,4,6983.45941748
52,5,6419.78134951
52,6,9069.8241068
52,7,10184.811534
52,8,7400.19964078
52,9,7918.80295146
52,10,7089.15123301
52,11,7039.2651068
52,12,6408.81315534
52,13,4633.0472233
52,14,5411.92753398
52,15,7141.51190291
52,16,6882.82680583
52,17,7416.30954369
52,18,7034.40763107
52,19,6419.43800971
52,20,5515.23365049
52,21,5517.86767961
52,22,6693.83059223
52,23,7503.91672816
52,24,6413.19154369
52,25,5494.71283495
52,26,6768.6387767
52,27,5797.95200971
52,28,5014.62294175
52,29,4384.14234951
52,30,4691.30912621
52,31,4532.7168835
52,32,5390.8017767
52,33,6173.28669903
52,34,6831.72257282
52,35,8007.00990291
52,36,5649.78584466
52,37,6386.84829126
52,38,5997.17764078
52,39,5928.43581553
52,40,7582.0974466
52,41,8600.62067961
52,42,7520.6641165
52,43,4966.96948544
52,44,3323.77625243
52,45,3758.83098058
52,46,3515.73380583
52,47,3057.12943689
52,48,2869.16805825
52,49,3536.41256311
52,50,2266.57594175
52,51,1870.18409709
52,52,0.0
52,53,1932.94586408
52,54,2023.79124272
52,55,1262.11425243
52,56,1526.69809709
52,57,1543.33565049
52,58,1743.85453398
52,59,717.888990291
52,60,1856.05703883
52,61,2618.43932039
52,62,3886.97230097
52,63,4874.83341748
52,64,4262.96978641
52,65,2911.96797087
52,66,3221.29383495
52,67,4319.47381553
52,68,4068.86046602
52,69,3352.29404854
52,70,3335.25576699
53,0,11161.1262913
53,1,9232.39790291
53,2,7434.98306796
53,3,8210.78933981
53,4,7388.61157282
53,5,6248.11145631
53,6,8698.57682524
53,7,9909.43628155
53,8,6474.4911068
53,9,6936.02354369
53,10,6226.48030097
53,11,6374.67329126
53,12,5378.49291262
53,13,3660.51165049
53,14,4776.16416505
53,15,6699.29036893
53,16,6310.47818447
53,17,6822.21739806
53,18,6745.102
53,19,5902.273
53,20,4651.3438835
53,21,4980.85178641
53,22,5896.60018447
53,23,6740.89132039
53,24,5997.20316505
53,25,5054.54268932
53,26,6364.39852427
53,27,5206.11738835
53,28,4505.09260194
53,29,3683.62451456
53,30,4028.25224272
53,31,4051.42006796
53,32,4464.66017476
53,33,5246.14074757
53,34,6037.86533981
53,35,6938.66363107
53,36,4460.29557282
53,37,5151.69324272
53,38,4748.62685437
53,39,4639.55350485
53,40,6149.31769903
53,41,7114.08105825
53,42,6141.34691262
53,43,4012.14683495
53,44,2583.7521068
53,45,3476.09862136
53,46,3448.86092233
53,47,3950.43559223
53,48,4013.87332039
53,49,4204.24529126
53,50,3640.30686408
53,51,3321.95394175
53,52,1932.94586408
53,53,0.0
53,54,2009.78368932
53,55,2597.68262136
53,56,2980.16228155
53,57,2698.98896117
53,58,1236.33305825
53,59,2178.22092233
53,60,3441.8553301
53,61,3979.80019417
53,62,5171.38764078
53,63,6034.52448544
53,64,5197.48515534
53,65,3951.7262233
53,66,4474.43287379
53,67,5335.50819417
53,68,5334.82579612
53,69,4403.41712621
53,70,4718.84873786
54,0,10792.7230971
54,1,8921.69916505
54,2,7095.63942718
54,3,7583.00673786
54,4,6506.30713592
54,5,5407.85631068
54,6,7780.06900971
54,7,8958.61800971
54,8,5877.65465049
54,9,6241.28925243
54,10,5193.40548544
54,11,5024.91497087
54,12,4455.13678641
54,13,2739.23673786
54,14,3569.02804854
54,15,5620.88999029
54,16,5050.00721359
54,17,5441.62232039
54,18,5143.04394175
54,19,4583.10576699
54,20,3578.20899029
54,21,3557.28015534
54,22,4713.18691262
54,23,5490.11834951
54,24,4429.34016505
54,25,3512.38446602
54,26,4835.4348932
54,27,3838.33297087
54,28,3136.52813592
54,29,2712.56917476
54,30,2702.5322233
54,31,2631.86835922
54,32,3433.79950485
54,33,4224.84365049
54,34,4869.7978835
54,35,6097.42045631
54,36,3793.62550485
54,37,4870.86071845
54,38,4681.34423301
54,39,5090.30594175
54,40,6588.3006699
54,41,7567.39413592
54,42,6482.72769903
54,43,4234.70441748
54,44,3449.82830097
54,45,3532.93297087
54,46,3667.82186408
54,47,3540.00904854
54,48,3791.26136893
54,49,4426.05398058
54,50,3421.99256311
54,51,2210.47675728
54,52,2023.79124272
54,53,2009.78368932
54,54,0.0
54,55,1751.57162136
54,56,2413.81116505
54,57,2909.08532039
54,58,940.822330097
54,59,2173.1167767
54,60,3071.42586408
54,61,3788.93996117
54,62,4881.10391262
54,63,6013.45356311
54,64,4871.89012621
54,65,4080.73826214
54,66,4066.67682524
54,67,4699.7191068
54,68,5278.11296117
54,69,4445.37615534
54,70,4332.25594175
55,0,10565.1722039
55,1,8820.58020388
55,2,7050.89702913
55,3,7111.34339806
55,4,6092.45191262
55,5,5586.11119417
55,6,8198.38295146
55,7,9271.86590291
55,8,6808.14779612
55,9,7327.13776699
55,10,6472.28202913
55,11,6444.82921359
55,12,6062.00585437
55,13,4405.70553398
55,14,5145.60447573
55,15,7023.58698058
55,16,6555.6904466
55,17,6898.57738835
55,18,6456.01954369
55,19,6079.78240777
55,20,5217.60379612
55,21,5064.32350485
55,22,6281.06308738
55,23,6956.6624466
55,24,5714.30549515
55,25,4930.03290291
55,26,6208.71840777
55,27,5321.9418835
55,28,4658.44169903
55,29,4307.84361165
55,30,4272.50006796
55,31,3856.74020388
55,32,4961.47692233
55,33,5842.53566019
55,34,6446.9996699
55,35,7744.57547573
55,36,5356.53359223
55,37,6020.66954369
55,38,5694.21492233
55,39,5780.1488835
55,40,7446.41624272
55,41,8478.9523301
55,42,7334.08208738
55,43,4684.45327184
55,44,3413.46542718
55,45,3373.08645631
55,46,3221.85082524
55,47,2390.4068932
55,48,2390.34057282
55,49,3300.75437864
55,50,1891.03298058
55,51,764.415718447
55,52,1262.11425243
55,53,2597.68262136
55,54,1751.57162136
55,55,0.0
55,56,1605.59866019
55,57,2437.42296117
55,58,1914.3696699
55,59,1257.15292233
55,60,1431.27904854
55,61,2256.86547573
55,62,3370.74752427
55,63,4535.34534951
55,64,3644.71062136
55,65,2696.92149515
55,66,2604.53878641
55,67,3519.47851456
55,68,3750.25327184
55,69,3083.4168932
55,70,2793.9931165
56,0,11805.8121262
56,1,10109.5643883
56,2,8367.30716505
56,3,8383.75106796
56,4,7409.55093204
56,5,6959.66884466
56,6,9505.00438835
56,7,10579.0877573
56,8,7989.48981553
56,9,8423.70624272
56,10,7400.64173786
56,11,7059.28887379
56,12,6624.65874757
56,13,4910.78084466
56,14,5360.68725243
56,15,6819.3511068
56,16,6700.46392233
56,17,7310.20837864
56,18,6754.71097087
56,19,6218.47301942
56,20,5630.74404854
56,21,5443.11040777
56,22,6714.4938835
56,23,7557.37550485
56,24,6366.72138835
56,25,5418.58321359
56,26,6553.53903883
56,27,5742.6401165
56,28,4903.93166019
56,29,4380.08371845
56,30,4792.96549515
56,31,4789.17140777
56,32,5673.89650485
56,33,6281.55518447
56,34,6816.19683495
56,35,8096.93430097
56,36,6057.18346602
56,37,7066.40916505
56,38,6774.52160194
56,39,6890.13273786
56,40,8510.58424272
56,41,9521.41409709
56,42,8427.66481553
56,43,5909.69112621
56,44,4469.95502913
56,45,4703.23100971
56,46,4503.43572816
56,47,3680.72760194
56,48,3464.02097087
56,49,4375.57600971
56,50,2828.59532039
56,51,1958.14913592
56,52,1526.69809709
56,53,2980.16228155
56,54,2413.81116505
56,55,1605.59866019
56,56,0.0
56,57,1558.11709709
56,58,2394.60003883
56,59,1405.36506796
56,60,2033.76333981
56,61,2982.00529126
56,62,4199.81054369
56,63,5322.18417476
56,64,4780.80746602
56,65,3613.01159223
56,66,3606.94796117
56,67,4706.52133981
56,68,4516.50794175
56,69,4026.43299029
56,70,3679.25494175
57,0,12424.7123301
57,1,10702.8306505
57,2,8972.76491262
57,3,9196.39504854
57,4,8355.31243689
57,5,7809.17591262
57,6,10417.4191068
57,7,11549.4119417
57,8,8604.21958252
57,9,9026.67545631
57,10,8022.04012621
57,11,7664.08420388
57,12,6988.02017476
57,13,5198.71281553
57,14,5687.36323301
57,15,6954.99350485
57,16,7062.6452233
57,17,7855.77423301
57,18,7382.48846602
57,19,6596.08896117
57,20,5969.68733981
57,21,5940.84671845
57,22,7143.23509709
57,23,8116.05327184
57,24,7094.57269903
57,25,6023.72039806
57,26,7135.20682524
57,27,6239.02633981
57,28,5312.0191068
57,29,4524.94191262
57,30,5268.64290291
57,31,5488.35433981
57,32,6134.85535922
57,33,6634.71949515
57,34,7215.06472816
57,35,8346.63898058
57,36,6381.48352427
57,37,7466.62183495
57,38,7124.16818447
57,39,7117.74968932
57,40,8712.62846602
57,41,9701.46719417
57,42,8678.63282524
57,43,6280.63464078
57,44,4597.21947573
57,45,5198.7253301
57,46,4951.20086408
57,47,4442.47768932
57,48,4136.93080583
57,49,4843.26557282
57,50,3454.51303883
57,51,2936.23921359
57,52,1543.33565049
57,53,2698.98896117
57,54,2909.08532039
57,55,2437.42296117
57,56,1558.11709709
57,57,0.0
57,58,2507.24437864
57,59,1550.3238835
57,60,2771.08292233
57,61,3597.22413592
57,62,4946.6468835
57,63,5919.94430097
57,64,5565.80493204
57,65,4088.71646602
57,66,4391.19841748
57,67,5631.70020388
57,68,5103.69691262
57,69,4541.19982524
57,70,4444.1394466
58,0,10973.7250097
58,1,9077.84128155
58,2,7274.42737864
58,3,7897.19175728
58,4,6924.61880583
58,5,5796.35095146
58,6,8230.20828155
58,7,9432.6235534
58,8,6150.25140777
58,9,6550.11501942
58,10,5632.82429126
58,11,5585.38219417
58,12,4804.88869903
58,13,3044.76576699
58,14,4026.23258252
58,15,6018.96270874
58,16,5551.32898058
58,17,6021.11081553
58,18,5823.17980583
58,19,5099.27259223
58,20,3976.48757282
58,21,4118.36904854
58,22,5178.64473786
58,23,6015.46012621
58,24,5108.01320388
58,25,4143.83253398
58,26,5457.65826214
58,27,4360.21101942
58,28,3636.21253398
58,29,2980.81674757
58,30,3208.40299029
58,31,3231.98153398
58,32,3829.0341068
58,33,4604.31682524
58,34,5322.87781553
58,35,6407.07363107
58,36,4018.68940777
58,37,4972.85426214
58,38,4690.79023301
58,39,4873.54
58,40,6406.83360194
58,41,7389.69354369
58,42,6344.33860194
58,43,4108.54606796
58,44,3011.61486408
58,45,3454.90523301
58,46,3513.06686408
58,47,3644.87185437
58,48,3796.77291262
58,49,4267.63369903
58,50,3390.89741748
58,51,2571.21708738
58,52,1743.85453398
58,53,1236.33305825
58,54,940.822330097
58,55,1914.3696699
58,56,2394.60003883
58,57,2507.24437864
58,58,0.0
58,59,1792.57685437
58,60,3020.96961165
58,61,3704.75695146
58,62,4918.14364078
58,63,5967.28079612
58,64,4967.35778641
58,65,3914.04683495
58,66,4153.50308738
58,67,4949.52528155
58,68,5234.26271845
58,69,4348.09024272
58,70,4423.82525243
59,0,11175.9413981
59,1,9419.46236893
59,2,7675.50128155
59,3,7882.43068932
59,4,6992.19947573
59,5,6445.31134951
59,6,9087.85523301
59,7,10195.6307961
59,8,7454.78160194
59,9,7964.88413592
59,10,7128.68730097
59,11,7062.59076699
59,12,6476.24969903
59,13,4728.68731068
59,14,5484.288
59,15,7203.36370874
59,16,6936.25192233
59,17,7453.68143689
59,18,7057.4548835
59,19,6465.31782524
59,20,5589.09476699
59,21,5553.74747573
59,22,6740.34083495
59,23,7543.05476699
59,24,6436.64643689
59,25,5520.12820388
59,26,6777.12772816
59,27,5813.03765049
59,28,5042.31153398
59,29,4449.86098058
59,30,4744.56108738
59,31,4581.49640777
59,32,5455.88512621
59,33,6230.4438835
59,34,6874.15801942
59,35,8063.11969903
59,36,5729.6501165
59,37,6464.3635534
59,38,6079.49956311
59,39,6006.94923301
59,40,7672.20353398
59,41,8693.67403883
59,42,7608.29872816
59,43,5044.02221359
59,44,3427.46813592
59,45,3833.46704854
59,46,3586.73487379
59,47,3075.6021165
59,48,2872.51669903
59,49,3566.51295146
59,50,2268.48700971
59,51,1842.13104854
59,52,717.888990291
59,53,2178.22092233
59,54,2173.1167767
59,55,1257.15292233
59,56,1405.36506796
59,57,1550.3238835
59,58,1792.57685437
59,59,0.0
59,60,1585.29594175
59,61,2422.63998058
59,62,3778.48737864
59,63,4828.45612621
59,64,4243.18478641
59,65,2890.3125534
59,66,3179.21273786
59,67,4316.31664078
59,68,4051.31358252
59,69,3365.86196117
59,70,3318.45700971
60,0,10499.4801359
60,1,8870.42368932
60,2,7202.21331068
60,3,6997.89216505
60,4,6111.02068932
60,5,6051.15069903
60,6,8751.05116505
60,7,9739.19724272
60,8,7664.53591262
60,9,8274.5898932
60,10,7580.26623301
60,11,7670.87981553
60,12,7330.80842718
60,13,5698.07379612
60,14,6443.93031068
60,15,8246.73687379
60,16,7832.01506796
60,17,8151.34761165
60,18,7674.2281068
60,19,7359.0502233
60,20,6518.46912621
60,21,6350.5691068
60,22,7564.55787379
60,23,8190.543
60,24,6907.96853398
60,25,6192.4657767
60,26,7448.78725243
60,27,6589.35704854
60,28,5952.0148932
60,29,5597.93165049
60,30,5566.8937767
60,31,5033.17593204
60,32,6203.60212621
60,33,7132.89632039
60,34,7733.67480583
60,35,9031.06775728
60,36,6574.88732039
60,37,6983.35819417
60,38,6564.44420388
60,39,6415.01113592
60,40,8133.21803883
60,41,9176.34139806
60,42,8028.93804854
60,43,5258.06154369
60,44,3741.99618447
60,45,3703.38365049
60,46,3336.07768932
60,47,2142.75301942
60,48,1759.70467961
60,49,2742.76181553
60,50,1166.61072816
60,51,1373.29969903
60,52,1856.05703883
60,53,3441.8553301
60,54,3071.42586408
60,55,1431.27904854
60,56,2033.76333981
60,57,2771.08292233
60,58,3020.96961165
60,59,1585.29594175
60,60,0.0
60,61,1225.09143689
60,62,2369.32671845
60,63,3513.4136699
60,64,3041.37964078
60,65,1923.59590291
60,66,1930.97775728
60,67,3080.77064078
60,68,2750.61205825
60,69,2311.85667961
60,70,1952.48954369
61,0,9894.27107767
61,1,8327.43471845
61,2,6734.56284466
61,3,6444.14773786
61,4,5704.61770874
61,5,5892.84671845
61,6,8632.4756699
61,7,9566.54495146
61,8,7749.27315534
61,9,8437.62618447
61,10,7924.56706796
61,11,8209.34682524
61,12,7878.01583495
61,13,6301.19897087
61,14,7145.25204854
61,15,9041.51656311
61,16,8540.66236893
61,17,8762.78166019
61,18,8332.18419417
61,19,8079.33296117
61,20,7147.40971845
61,21,7017.70627184
61,22,8178.49801942
61,23,8717.38891262
61,24,7442.27065049
61,25,6822.64571845
61,26,8105.87757282
61,27,7233.17916505
61,28,6669.94214563
61,29,6345.99847573
61,30,6191.56362136
61,31,5497.95375728
61,32,6713.47418447
61,33,7745.66212621
61,34,8368.48178641
61,35,9636.71470874
61,36,7050.2271165
61,37,7176.30509709
61,38,6695.97498058
61,39,6385.77508738
61,40,8108.41716505
61,41,9145.00302913
61,42,8002.81750485
61,43,5204.07424272
61,44,3697.04149515
61,45,3560.10401942
61,46,3089.67639806
61,47,1906.70373786
61,48,1395.20171845
61,49,2115.40551456
61,50,1089.47325243
61,51,2132.9224466
61,52,2618.43932039
61,53,3979.80019417
61,54,3788.93996117
61,55,2256.86547573
61,56,2982.00529126
61,57,3597.22413592
61,58,3704.75695146
61,59,2422.63998058
61,60,1225.09143689
61,61,0.0
61,62,1559.62975728
61,63,2696.24466019
61,64,2386.9195534
61,65,1313.0361068
61,66,1521.25650485
61,67,2649.68297087
61,68,2059.18046602
61,69,1700.4163301
61,70,1581.62279612
62,0,9083.95974757
62,1,7673.60974757
62,2,6235.40401942
62,3,5559.64754369
62,4,4952.51538835
62,5,5675.23150485
62,6,8356.9581068
62,7,9150.19183495
62,8,7986.67623301
62,9,8757.37864078
62,10,8444.83896117
62,11,8927.23998058
62,12,8732.84708738
62,13,7279.35748544
62,14,8158.81230097
62,15,10144.7413883
62,16,9509.6311068
62,17,9563.83397087
62,18,9140.51098058
62,19,9065.64345631
62,20,8104.48995146
62,21,7938.91312621
62,22,9054.7521068
62,23,9437.62117476
62,24,8108.64184466
62,25,7668.40250485
62,26,8942.05070874
62,27,8130.46443689
62,28,7688.97056311
62,29,7495.70027184
62,30,7122.68902913
62,31,6184.98786408
62,32,7524.02693204
62,33,8667.7936699
62,34,9273.86869903
62,35,10564.1467282
62,36,7885.47327184
62,37,7687.84841748
62,38,7178.3703301
62,39,6790.5941068
62,40,8467.67421359
62,41,9482.05672816
62,42,8334.82581553
62,43,5546.88801942
62,44,4331.53479612
62,45,3836.34248544
62,46,3351.07173786
62,47,1939.59061165
62,48,1532.58862136
62,49,2009.30278641
62,50,1785.40641748
62,51,3041.93113592
62,52,3886.97230097
62,53,5171.38764078
62,54,4881.10391262
62,55,3370.74752427
62,56,4199.81054369
62,57,4946.6468835
62,58,4918.14364078
62,59,3778.48737864
62,60,2369.32671845
62,61,1559.62975728
62,62,0.0
62,63,1469.12359223
62,64,1443.66552427
62,65,1613.65305825
62,66,1275.95843689
62,67,1815.37001942
62,68,1154.12238835
62,69,1525.16638835
62,70,1171.53545631
63,0,8659.48765049
63,1,7404.28290291
63,2,6169.47345631
63,3,5364.72040777
63,4,5134.98624272
63,5,6186.61880583
63,6,8823.17697087
63,7,9527.2138932
63,8,8652.53984466
63,9,9501.70716505
63,10,9391.55770874
63,11,10050.2865825
63,12,9803.85754369
63,13,8364.36427184
63,14,9338.22428155
63,15,11376.3195825
63,16,10719.2843689
63,17,10736.5771942
63,18,10369.1558058
63,19,10288.7743883
63,20,9235.57646602
63,21,9131.65270874
63,22,10202.0493883
63,23,10541.1870583
63,24,9252.45956311
63,25,8856.3297767
63,26,10160.9566019
63,27,9314.59237864
63,28,8896.45048544
63,29,8664.238
63,30,8268.62554369
63,31,7258.76929126
63,32,8579.40148544
63,33,9786.29148544
63,34,10437.6097864
63,35,11679.3743107
63,36,8881.5454466
63,37,8422.40681553
63,38,7834.73826214
63,39,7239.68582524
63,40,8870.34760194
63,41,9852.12963107
63,42,8752.01727184
63,43,6041.34997087
63,44,4815.15941748
63,45,4365.03713592
63,46,3801.20156311
63,47,2733.21725243
63,48,2294.63450485
63,49,2188.85759223
63,50,2722.89583495
63,51,4267.92152427
63,52,4874.83341748
63,53,6034.52448544
63,54,6013.45356311
63,55,4535.34534951
63,56,5322.18417476
63,57,5919.94430097
63,58,5967.28079612
63,59,4828.45612621
63,60,3513.4136699
63,61,2696.24466019
63,62,1469.12359223
63,63,0.0
63,64,1742.30375728
63,65,2166.50952427
63,66,2155.96554369
63,67,2367.68696117
63,68,987.007815534
63,69,1850.96158252
63,70,1962.9867767
64,0,8009.07313592
64,1,6510.55802913
64,2,5027.31502913
64,3,4418.93684466
64,4,3809.97121359
64,5,4542.49498058
64,6,7224.47143689
64,7,8003.32543689
64,8,7013.30831068
64,9,7844.62652427
64,10,7736.2571165
64,11,8472.76615534
64,12,8297.63592233
64,13,6987.92333981
64,14,7997.61546602
64,15,10172.1913592
64,16,9338.63636893
64,17,9219.15279612
64,18,8918.01887379
64,19,8925.48343689
64,20,7818.03412621
64,21,7707.83166019
64,22,8708.78937864
64,23,8953.66335922
64,24,7683.27598058
64,25,7392.80597087
64,26,8698.15580583
64,27,7869.09215534
64,28,7561.06200971
64,29,7456.74800971
64,30,6850.40290291
64,31,5708.52148544
64,32,7066.15830097
64,33,8327.54026214
64,34,8964.2433301
64,35,10197.6327767
64,36,7395.15965049
64,37,6878.32119417
64,38,6359.63393204
64,39,5935.06001942
64,40,7553.3471165
64,41,8544.85895146
64,42,7397.58204854
64,43,4670.56031068
64,44,3839.75799029
64,45,3008.91125243
64,46,2602.11133981
64,47,1437.13356311
64,48,1553.7881165
64,49,1577.10073786
64,50,2181.37675728
64,51,3337.96109709
64,52,4262.96978641
64,53,5197.48515534
64,54,4871.89012621
64,55,3644.71062136
64,56,4780.80746602
64,57,5565.80493204
64,58,4967.35778641
64,59,4243.18478641
64,60,3041.37964078
64,61,2386.9195534
64,62,1443.66552427
64,63,1742.30375728
64,64,0.0
64,65,1810.75427184
64,66,1479.79242718
64,67,942.239126214
64,68,1685.61642718
64,69,1548.55120388
64,70,1622.66714563
65,0,9271.45553398
65,1,7666.42997087
65,2,6082.95860194
65,3,5930.12609709
65,4,5360.79609709
65,5,5553.35956311
65,6,8344.14516505
65,7,9275.78150485
65,8,7459.10583495
65,9,8231.16594175
65,10,7929.18640777
65,11,8460.22117476
65,12,8024.92013592
65,13,6475.3925534
65,14,7510.34914563
65,15,9564.68665049
65,16,8963.16063107
65,17,9110.41095146
65,18,8803.78699029
65,19,8521.68243689
65,20,7400.385
65,21,7380.04852427
65,22,8455.62338835
65,23,8942.69886408
65,24,7746.71547573
65,25,7181.09469903
65,26,8534.51879612
65,27,7577.72415534
65,28,7073.08112621
65,29,6712.36398058
65,30,6465.12384466
65,31,5640.7476699
65,32,6830.0964466
65,33,7975.27831068
65,34,8673.8447767
65,35,9862.00240777
65,36,7079.28584466
65,37,6897.0272233
65,38,6341.40116505
65,39,5818.01619417
65,40,7537.94047573
65,41,8566.17700971
65,42,7445.12508738
65,43,4637.87231068
65,44,3062.64164078
65,45,2939.92662136
65,46,2355.33616505
65,47,1467.30764078
65,48,891.952165049
65,49,1072.27313592
65,50,1004.33314563
65,51,2693.04862136
65,52,2911.96797087
65,53,3951.7262233
65,54,4080.73826214
65,55,2696.92149515
65,56,3613.01159223
65,57,4088.71646602
65,58,3914.04683495
65,59,2890.3125534
65,60,1923.59590291
65,61,1313.0361068
65,62,1613.65305825
65,63,2166.50952427
65,64,1810.75427184
65,65,0.0
65,66,1289.89486408
65,67,2354.40190291
65,68,1543.61296117
65,69,850.646067961
65,70,1444.86649515
66,0,9134.53120388
66,1,7604.96624272
66,2,6037.06996117
66,3,5559.86940777
66,4,4810.14214563
66,5,5220.44157282
66,6,7953.55569903
66,7,8825.03132039
66,8,7373.04370874
66,9,8112.46058252
66,10,7716.30228155
66,11,8151.92514563
66,12,7928.3061068
66,13,6453.7305534
66,14,7337.08782524
66,15,9353.32670874
66,16,8704.14107767
66,17,8776.62602913
66,18,8370.29456311
66,19,8262.1963301
66,20,7284.62520388
66,21,7129.95399029
66,22,8249.1464466
66,23,8660.76075728
66,24,7341.90345631
66,25,6871.84425243
66,26,8163.56227184
66,27,7337.54808738
66,28,6881.63253398
66,29,6685.9193301
66,30,6305.9905534
66,31,5391.43356311
66,32,6723.17626214
66,33,7854.65279612
66,34,8470.24318447
66,35,9760.69163107
66,36,7093.10594175
66,37,7002.36561165
66,38,6527.9136699
66,39,6234.6748932
66,40,7928.71121359
66,41,8955.66994175
66,42,7792.18454369
66,43,4977.25196117
66,44,3770.43454369
66,45,3260.52751456
66,46,2827.28073786
66,47,1307.05808738
66,48,970.394223301
66,49,1766.85930097
66,50,1190.76567961
66,51,2276.92998058
66,52,3221.29383495
66,53,4474.43287379
66,54,4066.67682524
66,55,2604.53878641
66,56,3606.94796117
66,57,4391.19841748
66,58,4153.50308738
66,59,3179.21273786
66,60,1930.97775728
66,61,1521.25650485
66,62,1275.95843689
66,63,2155.96554369
66,64,1479.79242718
66,65,1289.89486408
66,66,0.0
66,67,1650.577
66,68,1509.34432039
66,69,1260.71936893
66,70,996.818873786
67,0,8148.00807767
67,1,6666.803
67,2,5154.76703883
67,3,4366.60220388
67,4,3463.1288932
67,5,4227.07105825
67,6,6847.66579612
67,7,7604.82236893
67,8,6795.50838835
67,9,7584.04926214
67,10,7378.38358252
67,11,8031.246
67,12,7996.92412621
67,13,6748.34685437
67,14,7655.31625243
67,15,9796.21081553
67,16,8927.52737864
67,17,8756.64417476
67,18,8399.57071845
67,19,8519.72128155
67,20,7510.3321165
67,21,7315.70423301
67,22,8333.00339806
67,23,8529.73268932
67,24,7188.52849515
67,25,6965.77499029
67,26,8222.23383495
67,27,7482.30694175
67,28,7214.38492233
67,29,7221.41413592
67,30,6529.75832039
67,31,5341.36666019
67,32,6774.21816505
67,33,8011.75907767
67,34,8592.14887379
67,35,9884.92361165
67,36,7183.01874757
67,37,6769.98935922
67,38,6329.42860194
67,39,6106.45663107
67,40,7699.35917476
67,41,8690.67685437
67,42,7514.31729126
67,43,4797.52269903
67,44,4171.67903883
67,45,3157.74234951
67,46,2881.8788932
67,47,1429.27141748
67,48,1732.94883495
67,49,2169.64519417
67,50,2317.86748544
67,51,3079.94762136
67,52,4319.47381553
67,53,5335.50819417
67,54,4699.7191068
67,55,3519.47851456
67,56,4706.52133981
67,57,5631.70020388
67,58,4949.52528155
67,59,4316.31664078
67,60,3080.77064078
67,61,2649.68297087
67,62,1815.37001942
67,63,2367.68696117
67,64,942.239126214
67,65,2354.40190291
67,66,1650.577
67,67,0.0
67,68,2113.72457282
67,69,2026.54787379
67,70,1637.4992233
68,0,9078.73215534
68,1,7711.24209709
68,2,6328.94019417
68,3,5669.24938835
68,4,5250.44790291
68,5,6058.11487379
68,6,8783.64320388
68,7,9569.83666019
68,8,8383.91792233
68,9,9192.55731068
68,10,8948.59605825
68,11,9489.47501942
68,12,9211.81313592
68,13,7709.19800971
68,14,8648.51907767
68,15,10639.8435243
68,16,10043.8359903
68,17,10134.5986796
68,18,9739.82256311
68,19,9602.4802233
68,20,8586.03068932
68,21,8471.30461165
68,22,9581.25108738
68,23,9991.2944466
68,24,8692.56347573
68,25,8222.34947573
68,26,9527.35448544
68,27,8674.38084466
68,28,8201.12023301
68,29,7933.74987379
68,30,7618.60947573
68,31,6692.96226214
68,32,7999.4417767
68,33,9158.43414563
68,34,9806.35763107
68,35,11065.8021553
68,36,8316.1795534
68,37,8039.5651068
68,38,7477.8238835
68,39,6960.67292233
68,40,8647.28786408
68,41,9658.34700971
68,42,8532.48096117
68,43,5736.18832039
68,44,4355.97521359
68,45,3992.49386408
68,46,3416.28764078
68,47,2150.26149515
68,48,1553.76869903
68,49,1776.56276699
68,50,1899.75864078
68,51,3495.04496117
68,52,4068.86046602
68,53,5334.82579612
68,54,5278.11296117
68,55,3750.25327184
68,56,4516.50794175
68,57,5103.69691262
68,58,5234.26271845
68,59,4051.31358252
68,60,2750.61205825
68,61,2059.18046602
68,62,1154.12238835
68,63,987.007815534
68,64,1685.61642718
68,65,1543.61296117
68,66,1509.34432039
68,67,2113.72457282
68,68,0.0
68,69,1214.98702913
68,70,1230.5484466
69,0,8961.01314563
69,1,7411.89473786
69,2,5877.27003883
69,3,5577.93290291
69,4,5060.86365049
69,5,5454.18879612
69,6,8228.72905825
69,7,9110.48419417
69,8,7536.41151456
69,9,8336.03304854
69,10,8093.50947573
69,11,8678.69821359
69,12,8301.0997767
69,13,6793.39021359
69,14,7821.65006796
69,15,9894.43790291
69,16,9253.92787379
69,17,9347.76545631
69,18,9032.49106796
69,19,8819.21983495
69,20,7704.67350485
69,21,7665.25285437
69,22,8730.52549515
69,23,9162.46847573
69,24,7939.99684466
69,25,7441.04116505
69,26,8789.44705825
69,27,7872.74814563
69,28,7399.60956311
69,29,7090.1711165
69,30,6766.28183495
69,31,5858.39060194
69,32,7097.39546602
69,33,8271.41316505
69,34,8959.29327184
69,35,10162.4339515
69,36,7363.01048544
69,37,7081.34113592
69,38,6520.62060194
69,39,5991.79201942
69,40,7690.44366019
69,41,8709.08845631
69,42,7584.95412621
69,43,4786.72126214
69,44,3347.79446602
69,45,3058.06286408
69,46,2474.32929126
69,47,1465.74539806
69,48,950.374427184
69,49,1027.50915534
69,50,1314.31121359
69,51,2955.44601942
69,52,3352.29404854
69,53,4403.41712621
69,54,4445.37615534
69,55,3083.4168932
69,56,4026.43299029
69,57,4541.19982524
69,58,4348.09024272
69,59,3365.86196117
69,60,2311.85667961
69,61,1700.4163301
69,62,1525.16638835
69,63,1850.96158252
69,64,1548.55120388
69,65,850.646067961
69,66,1260.71936893
69,67,2026.54787379
69,68,1214.98702913
69,69,0.0
69,70,1266.85627184
70,0,9371.26829126
70,1,7889.99785437
70,2,6349.70627184
70,3,5750.07056311
70,4,5009.76368932
70,5,5543.08221359
70,6,8258.12720388
70,7,9099.0095534
70,8,7752.28227184
70,9,8494.81576699
70,10,8081.85476699
70,11,8478.54572816
70,12,8273.67752427
70,13,6776.07430097
70,14,7622.98609709
70,15,9581.53296117
70,16,8980.47540777
70,17,9079.70952427
70,18,8636.00342718
70,19,8536.1558835
70,20,7604.46527184
70,21,7426.84721359
70,22,8572.5355534
70,23,8995.25506796
70,24,7649.88669903
70,25,7171.71065049
70,26,8451.76221359
70,27,7648.70013592
70,28,7167.79374757
70,29,6962.03052427
70,30,6623.94423301
70,31,5729.81721359
70,32,7074.89180583
70,33,8183.30297087
70,34,8791.72131068
70,35,10102.9920874
70,36,7457.87490291
70,37,7392.38873786
70,38,6914.05478641
70,39,6616.52660194
70,40,8314.13093204
70,41,9343.79348544
70,42,8178.12447573
70,43,5342.9962233
70,44,4066.17086408
70,45,3575.64036893
70,46,3108.00062136
70,47,1444.09165049
70,48,931.416203883
70,49,1910.25807767
70,50,1163.59056311
70,51,2424.96293204
70,52,3335.25576699
70,53,4718.84873786
70,54,4332.25594175
70,55,2793.9931165
70,56,3679.25494175
70,57,4444.1394466
70,58,4423.82525243
70,59,3318.45700971
70,60,1952.48954369
70,61,1581.62279612
70,62,1171.53545631
70,63,1962.9867767
70,64,1622.66714563
70,65,1444.86649515
70,66,996.818873786
70,67,1637.4992233
70,68,1230.5484466
70,69,1266.85627184
70,70,0.0
