chr13	9000801	9001079	792.0
chr13	9001084	9001457	792.0
chr13	9001462	9001485	792.0
chr13	9001490	9002012	792.0
chr13	9002017	9003020	792.0
chr13	9003025	9004985	792.0
chr13	9004990	9006837	792.0
chr13	9006842	9007174	792.0
chr13	9007179	9007354	792.0
chr13	9007359	9007754	792.0
chr13	9007759	9008570	792.0
chr13	9008575	9009015	792.0
chr13	9009020	9009382	792.0
chr13	9009387	9010529	792.0
chr13	9010534	9010640	792.0
chr13	9010645	9010689	792.0
chr13	9010694	9011078	675.733333333
chr13	9011083	9011256	675.733333333
chr13	9011261	9011870	675.733333333
chr13	9011875	9011938	0.0
chr13	9011943	9012118	0.0
chr13	9012123	9012513	0.0
chr13	9012518	9014422	0.0
chr13	9014427	9014452	362.233333333
chr13	9014457	9014554	362.233333333
chr13	9014559	9014626	362.233333333
chr13	9014631	9014670	362.233333333
chr13	9014675	9014789	362.233333333
chr13	9014794	9014805	362.233333333
chr13	9014810	9015042	362.233333333
chr13	9015047	9015070	362.233333333
chr13	9015075	9015281	362.233333333
chr13	9015286	9015478	362.233333333
chr13	9015483	9018083	362.233333333
chr13	9018088	9018596	362.233333333
chr13	9018601	9021563	362.233333333
chr13	9021568	9023020	362.233333333
chr13	9023025	9023289	362.233333333
chr13	9023294	9024029	362.233333333
chr13	9024034	9026001	362.233333333
chr13	9026006	9027037	362.233333333
chr13	9027042	9027419	467.333333333
chr13	9027424	9028854	467.333333333
chr13	9028859	9029297	467.333333333
chr13	9029302	9029309	467.333333333
chr13	9029314	9029361	467.333333333
chr13	9029366	9029534	467.333333333
chr13	9029539	9029740	467.333333333
chr13	9029745	9029871	467.333333333
chr13	9029876	9031707	467.333333333
chr13	9031712	9032051	467.333333333
chr13	9032056	9032498	467.333333333
chr13	9032503	9033281	467.333333333
chr13	9033286	9033396	105.1
chr13	9033401	9033743	105.1
chr13	9033748	9033965	105.1
chr13	9033970	9034169	105.1
chr13	9034174	9034277	105.1
chr13	9034282	9034506	105.1
chr13	9034511	9034840	105.1
chr13	9034845	9034943	105.1
chr13	9034948	9035049	105.1
chr13	9035054	9035125	105.1
chr13	9035130	9035213	105.1
chr13	9035218	9035343	105.1
chr13	9035348	9035597	105.133333333
chr13	9035602	9035709	443.9
chr13	9035714	9035755	443.9
chr13	9035760	9036385	443.9
chr13	9036390	9036903	443.9
chr13	9036908	9037143	443.9
chr13	9037148	9037707	338.8
chr13	9037712	9038891	338.8
chr13	9038896	9038919	338.8
chr13	9038924	9040026	338.8
chr13	9040031	9040071	338.8
chr13	9040076	9040080	338.8
chr13	9040085	9040186	338.8
chr13	9040191	9041368	338.8
chr13	9041373	9041942	338.8
chr13	9041947	9043767	338.8
chr13	9043772	9044252	338.8
chr13	9044257	9045003	338.8
chr13	9045008	9045918	338.8
chr13	9045923	9046568	338.8
chr13	9046573	9047062	338.8
chr13	9047067	9047162	338.8
chr13	9047167	9047181	338.8
chr13	9047186	9049572	338.8
chr13	9049577	9050309	338.8
chr13	9050314	9050724	338.8
chr13	9050729	9050792	338.8
chr13	9050797	9050828	338.8
chr13	9050833	9050990	338.8
chr13	9050995	9054811	338.8
chr13	9054816	9055660	338.766666667
chr13	9055665	9055834	0.0
chr13	9055839	9056411	0.0
chr13	9056416	9056513	0.0
chr13	9056518	9057138	0.0
chr13	9057143	9057985	0.0
chr13	9057990	9058843	0.0
chr13	9058848	9060262	0.0
chr13	9060267	9060463	0.0
chr13	9060468	9060481	0.0
chr13	9060486	9060796	0.0
chr13	9060801	9061085	0.0
chr13	9061090	9061195	0.0
chr13	9061200	9061205	0.0
chr13	9061210	9063315	0.0
chr13	9063320	9063596	0.0
chr13	9063601	9064623	0.0
chr13	9064628	9065043	0.0
chr13	9065048	9065223	0.0
chr13	9065228	9065255	0.0
chr13	9065260	9065586	0.0
chr13	9065591	9066293	0.0
chr13	9066298	9066328	0.0
chr13	9066333	9066578	0.0
chr13	9066583	9067265	0.0
chr13	9067270	9067279	0.0
chr13	9067284	9068893	0.0
chr13	9068898	9068970	0.0
chr13	9068975	9069624	0.0
chr13	9069629	9070697	0.0
chr13	9070702	9071049	0.0
chr13	9071054	9071202	0.0
chr13	9071207	9071501	0.0
chr13	9071506	9071567	0.0
chr13	9071572	9071937	0.0
chr13	9071942	9071997	0.0
chr13	9072002	9072733	0.0
chr13	9072738	9073218	0.0
chr13	9073223	9074458	0.0
chr13	9074463	9075431	0.0
chr13	9075436	9076082	0.0
chr13	9076087	9076287	0.0
chr13	9076292	9076769	0.0
chr13	9076774	9076799	0.0
chr13	9076804	9077367	0.0
chr13	9077372	9078610	0.0
chr13	9078615	9079778	0.0
chr13	9079783	9079804	306.633333333
chr13	9079809	9079850	306.633333333
chr13	9079855	9080070	306.633333333
chr13	9080075	9080116	306.633333333
chr13	9080121	9080239	306.633333333
chr13	9080244	9080283	306.633333333
chr13	9080288	9080310	306.633333333
chr13	9080315	9080321	306.633333333
chr13	9080326	9080420	306.633333333
chr13	9080425	9080573	306.633333333
chr13	9080578	9080920	306.633333333
chr13	9080925	9081073	306.633333333
chr13	9081078	9081534	306.633333333
chr13	9081544	9081558	306.633333333
chr13	9081563	9081933	306.633333333
chr13	9081938	9082025	306.633333333
chr13	9082030	9082319	306.633333333
chr13	9082324	9082740	306.633333333
chr13	9082745	9082848	306.633333333
chr13	9082853	9083531	306.633333333
chr13	9083536	9083693	306.633333333
chr13	9083702	9083805	306.633333333
chr13	9083810	9084387	306.633333333
chr13	9084392	9084494	306.633333333
chr13	9084499	9084571	908.366666667
chr13	9084576	9086144	1418.16666667
chr13	9086149	9086376	1418.16666667
chr13	9086381	9086616	1418.16666667
chr13	9086621	9086719	1418.16666667
chr13	9086724	9086816	1418.16666667
chr13	9086821	9086825	1111.53333333
chr13	9086830	9086834	1111.53333333
chr13	9086839	9087221	1111.53333333
chr13	9087226	9087453	1111.53333333
chr13	9087458	9088119	1111.53333333
chr13	9088124	9088623	1111.53333333
chr13	9088628	9089022	1111.53333333
chr13	9089027	9089033	1111.53333333
chr13	9089038	9090035	1111.53333333
chr13	9090040	9090630	1111.53333333
chr13	9090635	9091337	1111.53333333
chr13	9091342	9091434	1111.53333333
chr13	9091439	9091513	1111.53333333
chr13	9091518	9092028	1111.53333333
chr13	9092033	9092506	1111.53333333
chr13	9092511	9092656	1111.53333333
chr13	9092661	9092691	1111.53333333
chr13	9092696	9093118	1111.53333333
chr13	9093123	9093344	1339.43333333
chr13	9093349	9093393	1339.43333333
chr13	9093398	9093430	1339.43333333
chr13	9093435	9094125	1339.43333333
chr13	9094130	9094186	1339.43333333
chr13	9094191	9094621	1339.43333333
chr13	9094626	9094875	737.7
chr13	9094880	9095498	227.9
chr13	9095503	9096378	227.9
chr13	9096383	9096423	227.9
chr13	9096428	9096457	227.9
chr13	9096462	9096928	227.9
chr13	9096933	9097441	227.9
chr13	9097446	9097553	227.9
chr13	9097558	9098189	227.9
chr13	9098194	9100604	227.9
chr13	9100609	9100890	227.9
chr13	9100895	9101040	227.9
chr13	9101045	9101114	227.9
chr13	9101119	9101147	227.9
chr13	9101152	9102107	227.9
chr13	9102112	9102322	227.9
chr13	9102327	9102376	227.9
chr13	9102381	9103963	227.9
chr13	9103968	9104922	227.9
chr13	9104927	9105744	227.9
chr13	9105749	9105824	227.9
chr13	9105829	9105844	227.9
chr13	9105849	9106189	227.9
chr13	9106194	9106590	227.9
chr13	9106595	9106695	0.0
chr13	9106700	9106703	143.633333333
chr13	9106708	9106722	143.666666667
chr13	9106727	9107355	143.666666667
chr13	9107360	9107580	143.666666667
chr13	9107585	9107669	143.666666667
chr13	9107674	9108108	143.666666667
chr13	9108113	9108613	143.666666667
chr13	9108618	9109166	143.666666667
chr13	9109171	9109330	143.666666667
chr13	9109335	9109716	143.666666667
chr13	9109721	9110337	143.666666667
chr13	9110342	9110412	143.666666667
chr13	9110417	9110468	143.666666667
chr13	9110473	9113507	143.666666667
chr13	9113512	9113922	143.666666667
chr13	9113927	9114829	143.666666667
chr13	9114834	9115730	143.666666667
chr13	9115735	9115907	143.666666667
chr13	9115912	9116116	143.666666667
chr13	9116121	9116125	143.666666667
chr13	9116130	9116216	143.666666667
chr13	9116221	9116287	266.7
chr13	9116292	9116299	266.7
chr13	9116304	9116624	266.7
chr13	9116629	9117369	266.7
chr13	9117374	9117908	266.7
chr13	9117913	9118537	266.7
chr13	9118542	9119000	266.7
chr13	9119005	9119532	266.7
chr13	9119537	9120139	266.7
chr13	9120144	9120436	123.066666667
chr13	9120441	9120921	123.033333333
chr13	9120926	9122211	123.033333333
chr13	9122216	9122225	123.033333333
chr13	9122230	9122760	123.033333333
chr13	9122765	9122827	123.033333333
chr13	9122832	9123154	123.033333333
chr13	9123159	9123605	123.033333333
chr13	9123610	9123615	123.033333333
chr13	9123620	9124412	123.033333333
chr13	9124417	9124654	123.033333333
chr13	9124659	9125075	123.033333333
chr13	9125080	9125254	123.033333333
chr13	9125259	9126733	123.033333333
chr13	9126738	9127262	123.033333333
chr13	9127267	9127371	123.033333333
chr13	9127376	9127452	123.033333333
chr13	9127457	9127794	123.033333333
chr13	9127799	9127824	123.033333333
chr13	9127829	9127898	123.033333333
chr13	9127903	9127984	123.033333333
chr13	9127989	9128482	0.0
chr13	9128487	9128540	0.0
chr13	9128545	9130076	0.0
chr13	9130081	9130630	0.0
chr13	9130635	9130697	0.0
chr13	9130702	9130806	0.0
chr13	9130811	9130812	0.0
chr13	9130817	9131001	0.0
chr13	9131006	9131022	0.0
chr13	9131027	9131704	0.0
chr13	9131709	9132573	0.0
chr13	9132578	9134101	195.433333333
chr13	9134106	9134310	218.6
chr13	9134315	9134416	218.6
chr13	9134421	9136272	218.6
chr13	9136277	9136645	218.6
chr13	9136650	9136665	218.6
chr13	9136670	9136677	218.6
chr13	9136682	9136730	277.7
chr13	9136735	9136783	277.7
chr13	9136788	9137491	277.7
chr13	9137496	9137774	277.7
chr13	9137779	9137781	277.7
chr13	9137786	9138059	277.7
chr13	9138064	9138578	277.7
chr13	9138583	9139731	277.7
chr13	9139736	9139971	277.7
chr13	9139976	9140882	286.433333333
chr13	9140887	9142331	288.866666667
chr13	9142336	9142402	288.866666667
chr13	9142407	9142954	288.866666667
chr13	9142959	9143939	288.866666667
chr13	9143944	9143965	288.866666667
chr13	9143970	9144699	288.866666667
chr13	9144704	9145051	288.866666667
chr13	9145056	9145609	288.866666667
chr13	9145614	9145809	288.866666667
chr13	9145814	9146685	288.866666667
chr13	9146690	9148438	288.866666667
chr13	9148443	9149326	288.866666667
chr13	9149331	9149482	288.866666667
chr13	9149487	9150934	93.4333333333
chr13	9150939	9150971	70.2666666667
chr13	9150976	9151901	90.3333333333
chr13	9151906	9152987	90.3333333333
chr13	9152992	9153254	90.3333333333
chr13	9153259	9153464	90.3333333333
chr13	9153469	9153897	90.3333333333
chr13	9153902	9155064	31.2333333333
chr13	9155069	9156665	31.2333333333
chr13	9156670	9157251	31.2333333333
chr13	9157256	9158154	31.2333333333
chr13	9158159	9158220	31.2333333333
chr13	9158225	9158384	31.2333333333
chr13	9158389	9158408	31.2333333333
chr13	9158413	9158499	31.2333333333
chr13	9158504	9158566	31.2333333333
chr13	9158571	9158658	22.5
chr13	9158663	9159108	20.0666666667
chr13	9159113	9159973	20.0666666667
chr13	9159978	9160393	20.0666666667
chr13	9160398	9160978	20.0666666667
chr13	9160983	9161881	20.0666666667
chr13	9161886	9161947	20.0666666667
chr13	9161952	9162111	20.0666666667
chr13	9162116	9162135	20.0666666667
chr13	9162140	9162226	20.0666666667
chr13	9162231	9162293	20.0666666667
chr13	9162298	9162385	20.0666666667
chr13	9162390	9162809	20.0666666667
chr13	9162814	9163376	20.0666666667
chr13	9163381	9163482	20.0666666667
chr13	9163487	9163653	20.0666666667
chr13	9163658	9164568	0.0
chr13	9164573	9164994	0.0
chr13	9164999	9165578	0.0
chr13	9165583	9166386	0.0
chr13	9166391	9166481	0.0
chr13	9166486	9166547	0.0
chr13	9166552	9166711	0.0
chr13	9166716	9166735	0.0
chr13	9166740	9166826	0.0
chr13	9166831	9166893	0.0
chr13	9166898	9166985	0.0
chr13	9166990	9167391	0.0
chr13	9167396	9167888	0.0
chr13	9167893	9167994	0.0
chr13	9167999	9168165	0.0
chr13	9172566	9172732	0.0
chr13	9172737	9173650	0.0
chr13	9173655	9174070	0.0
chr13	9174075	9174652	0.0
chr13	9174657	9175564	0.0
chr13	9175569	9175630	0.0
chr13	9175635	9175794	0.0
chr13	9175799	9175818	0.0
chr13	9175823	9175909	0.0
chr13	9175914	9175976	0.0
chr13	9175981	9176068	0.0
chr13	9176073	9176518	0.0333333333333
chr13	9176523	9177383	0.0333333333333
chr13	9177388	9177804	0.0333333333333
chr13	9177809	9178379	0.0333333333333
chr13	9178384	9179288	0.0333333333333
chr13	9179293	9179354	0.0333333333333
chr13	9179359	9179518	0.0333333333333
chr13	9179523	9179542	1.53333333333
chr13	9179547	9179633	1.53333333333
chr13	9179638	9179700	1.53333333333
chr13	9179705	9179792	1.53333333333
chr13	9179797	9180242	779.1
chr13	9180247	9181107	779.1
chr13	9181112	9181528	779.1
chr13	9181533	9182104	779.1
chr13	9182109	9183013	779.1
chr13	9183018	9183079	779.1
chr13	9183084	9183243	779.1
chr13	9183248	9183267	2633.23333333
chr13	9183272	9183358	2633.26666667
chr13	9183363	9183425	2633.26666667
chr13	9183430	9183517	2633.26666667
chr13	9183522	9184238	2636.2
chr13	9184243	9184545	2636.2
chr13	9184550	9184644	2636.2
chr13	9184649	9185382	2636.2
chr13	9185387	9186141	2636.2
chr13	9186146	9186420	2636.2
chr13	9186425	9186432	2636.2
chr13	9186437	9186588	2637.83333333
chr13	9186593	9186711	3777.56666667
chr13	9186716	9188077	3777.56666667
chr13	9188082	9188962	3777.56666667
chr13	9188967	9190076	3777.56666667
chr13	9190081	9190120	3777.56666667
chr13	9190125	9190170	3777.56666667
chr13	9190175	9190228	3777.56666667
chr13	9190233	9190995	3776.06666667
chr13	9191000	9191014	3776.06666667
chr13	9191019	9191187	3776.06666667
chr13	9191192	9191224	3776.06666667
chr13	9191229	9191355	3253.13333333
chr13	9191360	9191700	3253.13333333
chr13	9191705	9191827	3261.6
chr13	9191832	9192151	5469.46666667
chr13	9192156	9192467	5469.53333333
chr13	9192472	9192652	5469.53333333
chr13	9192657	9193128	5469.53333333
chr13	9193133	9193411	3615.4
chr13	9193416	9193749	3615.36666667
chr13	9193754	9193887	3615.36666667
chr13	9193892	9193904	3615.36666667
chr13	9193909	9193956	3612.43333333
chr13	9193961	9194065	3612.43333333
chr13	9194070	9194230	3612.43333333
chr13	9194235	9194310	3612.43333333
chr13	9194315	9194764	3612.43333333
chr13	9194769	9194827	3612.43333333
chr13	9194832	9195105	3612.43333333
chr13	9195110	9195799	3610.8
chr13	9195804	9195817	2471.03333333
chr13	9195822	9195992	2471.03333333
chr13	9195997	9197335	2471.03333333
chr13	9197340	9197458	2471.03333333
chr13	9197463	9197892	2471.03333333
chr13	9197897	9198478	2471.03333333
chr13	9198483	9198485	2471.03333333
chr13	9198490	9198500	2471.03333333
chr13	9198505	9198590	2471.03333333
chr13	9198595	9198611	2471.03333333
chr13	9198616	9198735	2471.03333333
chr13	9198740	9200819	2216.4
chr13	9200824	9200906	2216.4
chr13	9200911	9201535	2207.93333333
chr13	9201540	9202344	0.0666666666667
chr13	9202349	9202953	0.0
chr13	9202958	9203207	0.2
chr13	9203212	9204217	301.866666667
chr13	9204222	9204514	301.866666667
chr13	9204519	9207175	301.866666667
chr13	9207180	9207272	301.866666667
chr13	9207277	9207345	1108.23333333
chr13	9207350	9208681	1385.36666667
chr13	9208686	9208914	1385.36666667
chr13	9208919	9209649	1385.36666667
chr13	9209654	9209829	1385.36666667
chr13	9209834	9210057	1385.36666667
chr13	9210062	9211073	1389.83333333
chr13	9211078	9211844	1391.1
chr13	9211849	9212675	2199.5
chr13	9212680	9213574	2199.5
chr13	9213579	9213871	2199.5
chr13	9213876	9214768	2199.5
chr13	9214773	9214866	2199.5
chr13	9214871	9215029	2199.5
chr13	9215034	9215169	2204.56666667
chr13	9215174	9216315	2204.56666667
chr13	9216320	9216500	2205.7
chr13	9216505	9216509	2815.53333333
chr13	9216514	9216612	2815.53333333
chr13	9216617	9216779	2815.53333333
chr13	9216784	9217012	2815.53333333
chr13	9217017	9218061	2940.56666667
chr13	9218066	9218246	3061.06666667
chr13	9218251	9218713	3061.06666667
chr13	9218718	9218728	3061.06666667
chr13	9218733	9218739	4670.93333333
chr13	9218744	9218771	5042.6
chr13	9218776	9218780	6763.8
chr13	9218785	9219359	7654.26666667
chr13	9219364	9220241	7654.26666667
chr13	9220246	9220316	6847.96666667
chr13	9220321	9220635	6763.53333333
chr13	9220640	9221283	6763.53333333
chr13	9221288	9221540	6826.1
chr13	9221545	9221705	6826.1
chr13	9221710	9221862	6826.1
chr13	9221867	9222218	6821.63333333
chr13	9222223	9222522	6820.36666667
chr13	9222527	9222591	6110.06666667
chr13	9222596	9223128	6110.06666667
chr13	9223133	9223635	6110.06666667
chr13	9223640	9224206	6110.06666667
chr13	9224211	9224608	6110.06666667
chr13	9224613	9224904	6110.06666667
chr13	9224909	9225336	6121.46666667
chr13	9225341	9225754	6121.46666667
chr13	9225759	9226587	6120.33333333
chr13	9226592	9227184	5510.5
chr13	9227189	9227311	5510.5
chr13	9227316	9227337	5510.5
chr13	9227342	9227387	5510.5
chr13	9227392	9227413	5385.46666667
chr13	9227418	9227548	5264.96666667
chr13	9227553	9230185	5264.96666667
chr13	9230190	9230253	6641.3
chr13	9230258	9230259	5057.8
chr13	9230264	9230455	4384.46666667
chr13	9230464	9230505	4508.36666667
chr13	9230510	9230752	3638.46666667
chr13	9230757	9230890	3638.46666667
chr13	9230895	9231745	3638.4
chr13	9231750	9231938	3445.7
chr13	9231943	9232006	3445.7
chr13	9232011	9232692	3383.16666667
chr13	9232697	9233345	3383.16666667
chr13	9233350	9233559	3383.16666667
chr13	9233564	9234347	3383.16666667
chr13	9234352	9234686	3383.16666667
chr13	9234691	9234865	3328.53333333
chr13	9234870	9234970	3459.5
chr13	9234975	9235240	3483.83333333
chr13	9235245	9236441	3483.83333333
chr13	9236446	9237720	3483.83333333
chr13	9237725	9237926	3483.83333333
chr13	9237931	9238523	3467.36666667
chr13	9238528	9239583	3467.36666667
chr13	9239588	9240938	3467.36666667
chr13	9240943	9242326	3467.36666667
chr13	9242331	9242661	3515.2
chr13	9242666	9243077	3515.2
chr13	9243082	9243255	3515.2
chr13	9243260	9243429	3515.2
chr13	9243434	9244538	3515.2
chr13	9244543	9245331	3515.2
chr13	9245336	9245643	2138.86666667
chr13	9245648	9246610	2112.3
chr13	9246615	9247672	2112.3
chr13	9247677	9247740	267.2
chr13	9247745	9247785	246.633333333
chr13	9247790	9248408	246.633333333
chr13	9248413	9248521	246.633333333
chr13	9248526	9248589	246.633333333
chr13	9248594	9248614	246.633333333
chr13	9248619	9249554	246.6
chr13	9249559	9249582	246.6
chr13	9249587	9249628	246.6
chr13	9249633	9249845	274.966666667
chr13	9249850	9249852	274.966666667
chr13	9249857	9249932	231.7
chr13	9249937	9250012	100.733333333
chr13	9250017	9250984	76.4
chr13	9250989	9251964	76.4
chr13	9251969	9252568	76.4
chr13	9252573	9252649	76.4
chr13	9252654	9252823	76.4
chr13	9252828	9253517	76.4
chr13	9253522	9253744	76.4
chr13	9253749	9253959	76.4
chr13	9253964	9254896	28.5666666667
chr13	9254901	9255356	28.5666666667
chr13	9255361	9255410	28.5666666667
chr13	9255415	9255983	378.433333333
chr13	9255988	9255996	848.666666667
chr13	9256001	9256916	848.666666667
chr13	9256921	9256955	848.666666667
chr13	9256960	9257375	848.666666667
chr13	9257380	9257757	848.666666667
chr13	9257762	9257888	1842.23333333
chr13	9257893	9258590	1915.93333333
chr13	9258595	9258664	1921.43333333
chr13	9258669	9258836	1921.43333333
chr13	9258841	9259210	1921.43333333
chr13	9259215	9259395	1921.43333333
chr13	9259400	9259644	1921.43333333
chr13	9259649	9259651	1921.43333333
chr13	9259656	9259794	1921.43333333
chr13	9259799	9259918	1893.06666667
chr13	9259923	9260808	1893.06666667
chr13	9260813	9260997	1892.86666667
chr13	9261002	9262339	1892.86666667
chr13	9262344	9262572	1892.86666667
chr13	9262577	9263988	1892.86666667
chr13	9263993	9265720	1892.86666667
chr13	9265725	9265829	1892.86666667
chr13	9265834	9266156	1892.86666667
chr13	9266161	9266367	1892.86666667
chr13	9266372	9266594	1892.86666667
chr13	9266599	9266771	1892.86666667
chr13	9266776	9267109	1892.86666667
chr13	9267114	9267508	1892.86666667
chr13	9267513	9268715	1892.86666667
chr13	9268720	9269032	1543.0
chr13	9269037	9269323	1072.76666667
chr13	9269328	9269386	1072.76666667
chr13	9269391	9269985	1072.76666667
chr13	9269990	9270111	1666.96666667
chr13	9270116	9270444	1666.96666667
chr13	9270449	9271670	673.4
chr13	9271675	9271702	599.7
chr13	9271707	9271743	594.2
chr13	9271748	9271758	594.2
chr13	9271763	9271901	594.2
chr13	9271906	9272076	594.2
chr13	9272081	9272720	594.2
chr13	9272725	9272746	594.2
chr13	9272751	9273500	594.2
chr13	9273505	9275013	594.2
chr13	9275018	9275599	594.2
chr13	9275604	9275916	594.2
chr13	9275921	9276754	594.2
chr13	9276759	9277505	594.2
chr13	9277510	9277774	594.2
chr13	9277779	9278476	594.2
chr13	9278485	9278580	594.2
chr13	9278585	9278621	622.933333333
chr13	9278626	9278761	622.933333333
chr13	9278766	9278853	622.933333333
chr13	9278858	9279273	622.933333333
chr13	9279278	9279449	622.933333333
chr13	9279454	9280123	626.066666667
chr13	9280128	9281238	626.066666667
chr13	9281243	9282244	626.066666667
chr13	9282249	9283552	626.066666667
chr13	9283557	9286214	626.066666667
chr13	9286219	9286606	626.066666667
chr13	9286611	9287281	31.8666666667
chr13	9287286	9287566	31.8666666667
chr13	9287571	9288078	31.8666666667
chr13	9288083	9288365	31.8666666667
chr13	9288370	9288450	31.8666666667
chr13	9288455	9289094	31.8666666667
chr13	9289099	9289932	31.8666666667
chr13	9289937	9290374	31.8666666667
chr13	9290379	9291111	31.8666666667
chr13	9291116	9291781	31.8666666667
chr13	9291786	9292285	31.8666666667
chr13	9292290	9292427	31.8666666667
chr13	9292432	9292636	31.8666666667
chr13	9292641	9293847	31.8666666667
chr13	9293852	9294432	31.8666666667
chr13	9294437	9294567	31.8666666667
chr13	9294572	9294803	31.8666666667
chr13	9294808	9295079	31.8666666667
chr13	9295084	9295626	31.8666666667
chr13	9295631	9296095	3.13333333333
chr13	9296100	9296294	3.13333333333
chr13	9296299	9296379	95.9666666667
chr13	9296384	9297001	95.9666666667
chr13	9297006	9297152	95.9666666667
chr13	9297157	9297187	92.8333333333
chr13	9297192	9297981	1594.8
chr13	9297986	9298043	1594.8
chr13	9298048	9298863	1594.8
chr13	9298868	9300116	1594.8
chr13	9300121	9300658	1594.8
chr13	9300663	9300816	1594.8
chr13	9300821	9300848	1594.8
chr13	9300853	9301530	1668.2
chr13	9301535	9302946	1668.2
chr13	9302951	9303070	1668.2
chr13	9303075	9303248	1668.2
chr13	9303253	9304105	1668.2
chr13	9304110	9304245	1668.2
chr13	9304250	9304653	1668.2
chr13	9304658	9304832	1668.2
chr13	9304837	9305181	1668.2
chr13	9305186	9306304	1668.2
chr13	9306309	9306321	1668.2
chr13	9306326	9306582	1668.2
chr13	9306587	9306708	1668.2
chr13	9306713	9307775	1668.2
chr13	9307780	9307797	1668.2
chr13	9307802	9309041	1668.2
chr13	9309046	9309680	1668.2
chr13	9309685	9312018	1668.2
chr13	9312023	9312236	1668.2
chr13	9312241	9314927	1575.36666667
chr13	9314932	9316070	1575.36666667
chr13	9316075	9317077	1575.36666667
chr13	9317082	9317342	1575.36666667
chr13	9317347	9317415	73.4
chr13	9317420	9317459	73.4
chr13	9317464	9319452	73.4
chr13	9319457	9319863	73.4
chr13	9319868	9320569	73.4
chr13	9320574	9320887	73.4
chr13	9320892	9321759	73.4
chr13	9321764	9322103	0.0
chr13	9322108	9322143	0.0
chr13	9322148	9322601	0.0
chr13	9322606	9323421	0.0
chr13	9323426	9324408	0.0
chr13	9324413	9324446	0.0
chr13	9324451	9324503	18.6666666667
chr13	9324508	9325095	18.6666666667
chr13	9325100	9325355	18.6666666667
chr13	9325360	9326135	18.6666666667
chr13	9326140	9328383	18.6666666667
chr13	9328388	9328465	18.6666666667
chr13	9328470	9328895	18.6666666667
chr13	9328900	9329144	33.7
chr13	9329149	9329615	33.7
chr13	9329620	9330085	33.7
chr13	9330090	9330701	33.7
chr13	9330706	9330731	33.7
chr13	9330736	9331956	33.7
chr13	9331961	9332363	33.7
chr13	9332368	9332985	33.7
chr13	9332990	9333250	33.7
chr13	9333255	9333501	33.7
chr13	9333506	9333970	33.7
chr13	9333975	9334069	33.7
chr13	9334074	9334128	33.7
chr13	9334133	9334276	33.7
chr13	9334281	9335373	33.7
chr13	9335378	9336008	33.7
chr13	9336013	9336500	33.7
chr13	9336505	9336638	33.7
chr13	9336643	9336758	33.7
chr13	9336763	9337202	612.733333333
chr13	9337207	9337903	612.733333333
chr13	9337908	9338100	612.733333333
chr13	9338105	9339678	612.733333333
chr13	9339683	9340623	594.066666667
chr13	9340628	9340724	594.066666667
chr13	9340729	9342577	594.066666667
chr13	9342582	9342854	608.766666667
chr13	9342859	9343500	608.766666667
chr13	9343505	9343603	608.766666667
chr13	9343608	9344199	608.766666667
chr13	9344204	9346081	593.733333333
chr13	9346086	9346264	593.733333333
chr13	9346269	9347137	593.733333333
chr13	9347142	9348177	593.733333333
chr13	9348182	9348382	593.733333333
chr13	9348387	9348536	593.733333333
chr13	9348541	9349529	593.733333333
chr13	9349534	9349675	593.733333333
chr13	9349680	9350441	593.733333333
chr13	9350446	9350666	593.733333333
chr13	9350671	9351422	593.733333333
chr13	9351427	9351722	593.933333333
chr13	9351727	9353195	593.933333333
chr13	9353200	9353216	593.933333333
chr13	9353221	9353427	593.933333333
chr13	9353432	9353438	593.933333333
chr13	9353443	9353891	593.933333333
chr13	9353896	9354318	593.933333333
chr13	9354323	9354500	593.933333333
chr13	9354505	9355282	14.9
chr13	9355287	9355393	14.9
chr13	9355398	9356195	14.9
chr13	9356200	9356407	14.9
chr13	9356412	9356752	14.9
chr13	9356757	9357271	305.033333333
chr13	9357276	9357974	305.033333333
chr13	9357979	9358460	290.333333333
chr13	9358465	9359382	290.333333333
chr13	9359387	9360157	290.333333333
chr13	9360162	9362088	290.333333333
chr13	9362093	9363151	290.333333333
chr13	9363156	9363236	290.333333333
chr13	9363241	9363280	290.333333333
chr13	9363285	9364458	290.333333333
chr13	9364463	9364476	290.333333333
chr13	9364481	9364670	290.333333333
chr13	9364675	9364762	290.333333333
chr13	9364767	9365205	290.333333333
chr13	9365210	9368386	290.333333333
chr13	9368391	9369169	290.333333333
chr13	9369174	9369180	290.333333333
chr13	9369185	9369964	290.133333333
chr13	9369969	9370032	290.133333333
chr13	9370037	9370139	290.133333333
chr13	9370144	9370315	290.133333333
chr13	9370320	9371450	290.133333333
chr13	9371455	9372272	290.133333333
chr13	9372277	9374497	290.133333333
chr13	9374502	9375354	290.133333333
chr13	9375359	9375700	290.133333333
chr13	9375705	9375780	290.133333333
chr13	9375785	9376038	290.133333333
chr13	9376043	9376342	290.2
chr13	9376347	9376479	290.2
chr13	9376484	9376800	0.0666666666667
chr13	9376805	9377456	0.0666666666667
chr13	9377461	9377474	0.0666666666667
chr13	9377479	9377500	0.0666666666667
chr13	9377505	9377899	0.0666666666667
chr13	9377904	9378036	0.0666666666667
chr13	9378041	9379001	0.0666666666667
chr13	9379006	9384171	0.0666666666667
chr13	9384176	9384273	0.0666666666667
chr13	9384278	9384802	0.0666666666667
chr13	9384807	9385199	0.0666666666667
chr13	9385204	9386580	0.0666666666667
chr13	9386585	9386835	0.0666666666667
chr13	9386840	9387068	0.0666666666667
chr13	9387073	9388121	0.0666666666667
chr13	9388126	9388241	0.0666666666667
chr13	9388246	9388290	0.0666666666667
chr13	9388295	9389817	0.0666666666667
chr13	9389822	9390611	0.0666666666667
chr13	9390616	9390978	0.0666666666667
chr13	9390983	9391040	0.0666666666667
chr13	9391045	9391220	0.0666666666667
chr13	9391225	9391257	0.0666666666667
chr13	9391262	9391342	0.0666666666667
chr13	9391347	9392269	0.0666666666667
chr13	9392274	9393332	0.0666666666667
chr13	9393337	9393701	0.0666666666667
chr13	9393706	9393741	0.0666666666667
chr13	9393746	9394068	0.0
chr13	9394073	9394125	0.0
chr13	9394130	9394480	0.0
chr13	9394485	9394577	0.0
chr13	9394582	9394744	0.0
chr13	9394749	9394792	0.0
chr13	9394797	9394876	0.0
chr13	9394881	9394959	0.0
chr13	9394964	9395373	0.0
chr13	9395378	9395541	0.0
chr13	9395546	9396052	0.0
chr13	9396057	9396522	0.0
chr13	9396527	9396540	0.0
chr13	9396545	9396941	0.0
chr13	9396946	9397094	0.0
chr13	9397099	9397209	0.0
chr13	9397214	9397465	0.0
chr13	9397470	9397481	0.0
chr13	9397486	9397580	0.0
chr13	9397585	9397925	0.0
chr13	9397930	9398310	0.0
chr13	9398315	9398362	0.0
chr13	9398367	9398548	0.0
chr13	9398553	9398601	0.0
chr13	9398606	9398812	0.0
chr13	9398817	9398870	0.0
chr13	9398875	9398923	0.0
chr13	9398928	9398935	0.0
chr13	9398940	9398955	0.0666666666667
chr13	9398960	9399454	0.0666666666667
chr13	9399459	9400199	0.0666666666667
chr13	9400204	9400420	0.0666666666667
chr13	9400425	9400626	0.0666666666667
chr13	9400631	9401315	0.0666666666667
chr13	9401320	9402911	0.0666666666667
chr13	9402916	9403005	0.0666666666667
chr13	9403010	9403139	0.0666666666667
chr13	9403144	9403320	0.0666666666667
chr13	9403325	9403448	0.0666666666667
chr13	9403453	9403969	0.0666666666667
chr13	9403974	9403996	0.0666666666667
chr13	9404001	9404105	0.0666666666667
chr13	9404110	9404449	0.0666666666667
chr13	9404454	9404639	0.0666666666667
chr13	9404644	9405048	0.0666666666667
chr13	9405053	9405223	0.0666666666667
chr13	9405228	9406658	0.0666666666667
chr13	9406663	9406685	0.0666666666667
chr13	9406690	9407344	0.0666666666667
chr13	9407349	9407400	0.0666666666667
chr13	9407405	9408503	0.0666666666667
chr13	9408508	9409568	0.0666666666667
chr13	9409573	9410083	0.0666666666667
chr13	9410088	9410843	0.0666666666667
chr13	9410848	9411225	0.0666666666667
chr13	9411230	9412531	0.0666666666667
chr13	9412536	9413055	0.0666666666667
chr13	9413060	9414998	0.0666666666667
chr13	9415003	9415175	0.0
chr13	9415180	9415411	0.0
chr13	9415416	9415427	0.0
chr13	9415432	9415895	0.0
chr13	9415900	9416240	0.0
chr13	9416245	9418640	0.0
chr13	9418645	9419311	0.0
chr13	9419316	9419364	0.0
chr13	9419369	9419386	0.0
chr13	9419391	9419499	0.0
chr13	9419504	9419541	0.0
chr13	9419546	9419926	0.0
chr13	9419931	9420075	0.0
chr13	9420080	9420212	0.0
chr13	9420217	9420245	0.0
chr13	9420250	9420544	0.0
chr13	9420549	9421192	0.0
chr13	9421197	9421342	0.0
chr13	9421347	9421554	0.0
chr13	9421559	9421910	0.0
chr13	9421915	9422320	0.0
chr13	9422325	9424061	0.0
chr13	9424066	9424303	0.0
chr13	9424308	9424638	0.0
chr13	9424643	9424731	0.0
chr13	9424736	9424847	0.0
chr13	9424852	9425698	0.133333333333
chr13	9425703	9425779	0.133333333333
chr13	9425784	9426018	0.133333333333
chr13	9426023	9426142	0.133333333333
chr13	9426147	9426571	0.133333333333
chr13	9426576	9427836	0.133333333333
chr13	9427841	9427859	0.133333333333
chr13	9427864	9427872	0.133333333333
chr13	9427877	9429290	0.133333333333
chr13	9429295	9429742	0.133333333333
chr13	9429747	9429840	0.133333333333
chr13	9429845	9430624	0.133333333333
chr13	9430629	9431279	0.133333333333
chr13	9431284	9431295	0.133333333333
chr13	9431300	9432404	0.133333333333
chr13	9432409	9432710	0.133333333333
chr13	9432715	9433336	0.133333333333
chr13	9433341	9433896	0.133333333333
chr13	9433901	9433995	0.133333333333
chr13	9434000	9434130	0.133333333333
chr13	9434135	9434922	0.133333333333
chr13	9434927	9435124	0.133333333333
chr13	9435129	9435856	0.133333333333
chr13	9435861	9435915	0.133333333333
chr13	9435920	9436573	0.133333333333
chr13	9436578	9438092	0.133333333333
chr13	9438097	9438283	0.133333333333
chr13	9438288	9438308	0.133333333333
chr13	9438313	9439806	0.133333333333
chr13	9439811	9441010	0.133333333333
chr13	9441015	9441019	0.0
chr13	9441024	9441283	0.0
chr13	9441288	9441973	0.0
chr13	9441978	9443351	0.0
chr13	9443356	9443519	0.0
chr13	9443524	9444003	0.0
chr13	9444008	9444334	0.0
chr13	9444339	9445118	0.0
chr13	9445123	9446902	0.0
chr13	9446907	9446959	0.0
chr13	9446964	9447259	0.0
chr13	9447264	9448151	0.0
chr13	9448156	9448343	0.0
chr13	9448348	9448393	0.0
chr13	9448398	9448985	0.0
chr13	9448990	9449020	0.0
chr13	9449025	9449170	0.0
chr13	9449175	9450093	0.0
chr13	9450098	9451447	0.0
chr13	9451452	9451559	0.0
chr13	9451564	9452226	0.0
chr13	9452231	9452384	0.0
chr13	9452389	9452804	0.0
chr13	9452809	9453333	0.0
chr13	9453338	9453514	0.0
chr13	9453519	9454097	0.0
chr13	9454102	9454435	0.0
chr13	9454440	9455522	0.0
chr13	9455527	9456730	0.0
chr13	9456735	9456878	0.0
chr13	9456883	9457143	0.0
chr13	9457148	9457592	0.0
chr13	9457597	9458017	0.0
chr13	9458022	9458071	0.0
chr13	9458076	9458104	0.0
chr13	9458109	9459079	0.0
chr13	9459084	9459097	0.0
chr13	9459102	9459578	0.0
chr13	9459583	9460473	0.0
chr13	9460478	9461521	0.0
chr13	9461526	9462777	0.0
chr13	9462782	9463328	0.0
chr13	9463333	9463348	0.0
chr13	9463353	9463447	0.0
chr13	9463452	9463556	0.0
chr13	9463561	9463576	0.0
chr13	9463581	9464568	0.0
chr13	9464573	9465185	0.0
chr13	9465190	9465985	0.0
chr13	9465990	9466857	0.0
chr13	9466862	9466987	0.0
chr13	9466992	9467255	0.0
chr13	9467260	9467789	0.0
chr13	9467794	9468014	0.0
chr13	9468019	9468132	0.0
chr13	9468137	9468569	0.0
chr13	9468574	9468957	0.0
chr13	9468962	9469124	0.0
chr13	9469129	9470070	0.0
chr13	9470075	9470116	0.0
chr13	9470121	9471228	0.0
chr13	9471233	9471244	0.0
chr13	9471249	9471754	0.0
chr13	9471759	9472474	0.0
chr13	9472479	9474296	0.0
chr13	9474301	9474468	0.0
chr13	9474473	9474683	0.0
chr13	9474688	9474916	0.0
chr13	9474921	9475033	0.0
chr13	9475038	9475245	0.0
chr13	9475250	9475412	0.0
chr13	9475417	9475627	0.0
chr13	9475632	9475879	0.0
chr13	9475884	9476158	0.0
chr13	9476163	9476482	0.0
chr13	9476487	9478545	0.0
chr13	9478550	9478767	0.0
chr13	9478772	9479857	0.0
chr13	9479862	9480483	0.0
chr13	9480488	9480625	0.0
chr13	9480630	9481035	0.0
chr13	9481040	9481429	0.0
chr13	9481434	9482335	0.0
chr13	9482340	9485223	0.0
chr13	9485228	9487141	0.0
chr13	9487146	9487150	0.0
chr13	9487155	9488182	0.0
chr13	9488187	9488197	0.0
chr13	9488202	9488544	0.0
chr13	9488549	9489564	0.0
chr13	9489569	9489836	0.0
chr13	9489841	9490294	0.0
chr13	9490299	9490997	0.0
chr13	9491002	9491210	0.0
chr13	9491215	9491539	0.0
chr13	9491544	9492801	0.0
chr13	9492806	9492955	0.0
chr13	9492960	9493600	0.0
chr13	9493605	9493644	0.0
chr13	9493649	9493822	0.266666666667
chr13	9493827	9494049	0.266666666667
chr13	9494054	9494088	0.266666666667
chr13	9494093	9494501	0.266666666667
chr13	9494506	9494869	0.266666666667
chr13	9494874	9494979	0.266666666667
chr13	9494984	9495675	0.266666666667
chr13	9495680	9495994	0.266666666667
chr13	9495999	9496321	0.266666666667
chr13	9496326	9497628	0.266666666667
chr13	9497633	9500840	0.266666666667
chr13	9500845	9500917	0.266666666667
chr13	9500922	9501113	0.266666666667
chr13	9501118	9503221	0.266666666667
chr13	9503226	9504669	0.266666666667
chr13	9504674	9506197	0.266666666667
chr13	9506202	9507481	0.266666666667
chr13	9507486	9507488	0.266666666667
chr13	9507493	9507830	0.266666666667
chr13	9507835	9508740	0.266666666667
chr13	9508745	9508910	0.266666666667
chr13	9508915	9512174	0.266666666667
chr13	9512179	9512528	0.266666666667
chr13	9512533	9512650	0.266666666667
chr13	9512655	9512738	0.266666666667
chr13	9512743	9512942	0.266666666667
chr13	9512947	9512972	0.266666666667
chr13	9512977	9513004	0.266666666667
chr13	9513009	9513339	0.266666666667
chr13	9513344	9513408	0.266666666667
chr13	9513413	9513544	0.0
chr13	9513700	9513923	0.0
chr13	9513928	9514633	0.0
chr13	9514638	9514756	0.0
chr13	9514766	9514782	0.0
chr13	9514787	9514832	0.0
chr13	9514837	9515693	0.0
chr13	9515698	9515944	0.0
chr13	9515949	9516116	0.0
chr13	9516121	9516308	0.0
chr13	9516313	9517302	0.0
chr13	9517307	9518217	0.0
chr13	9518222	9518641	0.0
chr13	9518646	9519158	0.0
chr13	9519163	9519203	0.0
chr13	9519208	9520129	0.0
chr13	9520134	9521302	0.0
chr13	9521307	9521485	0.0
chr13	9521490	9521600	0.0
chr13	9521605	9524459	0.0
chr13	9524464	9525865	0.0
chr13	9525870	9525911	0.0
chr13	9525916	9526096	0.0
chr13	9526101	9526221	0.0
chr13	9526226	9526488	0.0
chr13	9526493	9526512	0.0
chr13	9526517	9526555	0.0
chr13	9526560	9528065	0.0
chr13	9528070	9528157	0.0
chr13	9528162	9528237	0.0
chr13	9528242	9528257	0.0
chr13	9528262	9528973	0.0
chr13	9528978	9528990	0.0
chr13	9528995	9529129	0.0
chr13	9529134	9529541	0.0
chr13	9529546	9529789	0.0
chr13	9529794	9529980	0.0
chr13	9529985	9530930	0.0
chr13	9530935	9531002	0.0
chr13	9531007	9531012	0.0
chr13	9531017	9531029	0.0
chr13	9531034	9531660	0.0
chr13	9531665	9531704	0.0
chr13	9531709	9531729	0.0
chr13	9531739	9531844	0.0
chr13	9531849	9532566	0.0
chr13	9532571	9532771	0.0
chr13	9532776	9533476	0.0
chr13	9533481	9533665	0.0
chr13	9533670	9534927	0.0
chr13	9534932	9535073	0.0
chr13	9535078	9535399	0.0
chr13	9535404	9536061	0.0
chr13	9536066	9536328	0.0
chr13	9536333	9537227	0.0
chr13	9537232	9537933	0.0
chr13	9537938	9537994	0.0
chr13	9537999	9538078	0.0
chr13	9538083	9538910	0.0
chr13	9538915	9539169	0.0
chr13	9539174	9540185	0.0
chr13	9540190	9540283	0.0
chr13	9540288	9540770	0.0
chr13	9540775	9541428	0.0
chr13	9541433	9542516	0.0
chr13	9542521	9542815	0.0
chr13	9542820	9542870	0.0
chr13	9542875	9543071	0.0
chr13	9543076	9543118	0.0
chr13	9543123	9544372	0.0
chr13	9544377	9544402	0.0
chr13	9544407	9544960	0.0
chr13	9544965	9545571	0.0
chr13	9545576	9545796	0.0
chr13	9545801	9546727	0.0
chr13	9546732	9546903	0.0
chr13	9546908	9547030	0.0
chr13	9547035	9547367	0.0
chr13	9547372	9547717	0.0
chr13	9547722	9548358	0.0
chr13	9548363	9549167	0.0
chr13	9549172	9550612	0.0
chr13	9550617	9551522	0.0
chr13	9551527	9552991	0.0
chr13	9552996	9553291	0.0
chr13	9553296	9553325	0.0
chr13	9553330	9553759	0.0
chr13	9553764	9554179	0.0
chr13	9554184	9554924	0.0
chr13	9554929	9555061	0.0
chr13	9555066	9555146	0.0
chr13	9555151	9555327	0.0
chr13	9555332	9557427	0.0
chr13	9557432	9558165	0.0
chr13	9558170	9558277	0.0
chr13	9558282	9559600	0.0
chr13	9559605	9560197	0.0
chr13	9560202	9560688	0.0
chr13	9560693	9561005	0.0
chr13	9561010	9562261	0.0
chr13	9562266	9562679	0.0
chr13	9562684	9563517	0.0
chr13	9563522	9563783	0.0
chr13	9563788	9564461	0.0
chr13	9564466	9564643	0.0
chr13	9564648	9565584	0.0
chr13	9565589	9566053	0.0
chr13	9566058	9566758	0.0
chr13	9566763	9566922	0.0
chr13	9566927	9568293	0.0
chr13	9568298	9568329	0.0
chr13	9568334	9569433	0.0
chr13	9569438	9570652	0.0
chr13	9570657	9571441	0.0
chr13	9571446	9572876	0.0
chr13	9572881	9574155	0.0
chr13	9574160	9574272	0.0
chr13	9574277	9574906	0.0
chr13	9574911	9575434	0.0
chr13	9575439	9576270	0.0
chr13	9576275	9576599	0.0
chr13	9576604	9577046	0.0
chr13	9577051	9577628	0.0
chr13	9577633	9579662	0.0
chr13	9579667	9580133	0.0
chr13	9580138	9580169	0.0
chr13	9580174	9580614	0.0
chr13	9580619	9580861	0.0
chr13	9580866	9581052	0.0
chr13	9581057	9581114	0.0
chr13	9581119	9581842	0.0
chr13	9581847	9582061	0.0
chr13	9582066	9583321	0.0
chr13	9583326	9583753	0.0
chr13	9583758	9583978	0.0
chr13	9583983	9584365	0.0
chr13	9584370	9584527	0.0
chr13	9584532	9585482	0.0
chr13	9585487	9587433	0.0
chr13	9587443	9588267	0.0
chr13	9588272	9588311	0.0
chr13	9588316	9588489	0.0
chr13	9588494	9589046	0.0
chr13	9589051	9589338	0.0
chr13	9589343	9589572	0.0
chr13	9589577	9589862	0.0
chr13	9589867	9590107	0.0
chr13	9590112	9590362	0.0
chr13	9590367	9590678	0.0
chr13	9590683	9591502	0.0
chr13	9591507	9592232	0.0
chr13	9592237	9592725	0.0
chr13	9592730	9592957	0.0
chr13	9592962	9593736	0.0
chr13	9593741	9593858	0.0
chr13	9593863	9594369	0.0
chr13	9594374	9594541	0.0
chr13	9594546	9594706	0.0
chr13	9594711	9594968	0.0
chr13	9594973	9595142	0.0
chr13	9595147	9595727	0.0
chr13	9595732	9595787	0.0
chr13	9595792	9596209	0.0
chr13	9596214	9596238	0.0
chr13	9596243	9596371	0.0
chr13	9596376	9596598	0.0
chr13	9596603	9597605	0.0
chr13	9597610	9599522	0.0
chr13	9599527	9599529	0.0
chr13	9599534	9599746	0.0
chr13	9599751	9601403	0.0
chr13	9601408	9602517	0.0
chr13	9602522	9602872	0.0
chr13	9602877	9603122	0.0
chr13	9603127	9604335	0.0
chr13	9604340	9604601	0.0
chr13	9604606	9604718	0.0
chr13	9604723	9605010	0.0
chr13	9605015	9605622	0.0
chr13	9605627	9606951	0.0
chr13	9606956	9607348	0.0
chr13	9607353	9608687	0.0
chr13	9608692	9608709	0.0
chr13	9608714	9609041	0.0
chr13	9609046	9609198	0.0
chr13	9609203	9609465	0.0
chr13	9609470	9609526	46.3333333333
chr13	9609531	9609715	46.3333333333
chr13	9609720	9609785	46.3333333333
chr13	9609790	9609966	46.3333333333
chr13	9609971	9610926	46.3333333333
chr13	9610931	9610965	46.3333333333
chr13	9610970	9611085	46.3333333333
chr13	9611090	9611154	46.3333333333
chr13	9611159	9611967	46.3333333333
chr13	9611972	9612082	46.3333333333
chr13	9612087	9612538	46.3333333333
chr13	9612543	9612967	46.3333333333
chr13	9612972	9613011	46.3333333333
chr13	9613016	9613060	46.3333333333
chr13	9613065	9613295	46.6333333333
chr13	9613300	9614942	46.6333333333
chr13	9614947	9615596	46.6333333333
chr13	9615601	9616813	46.6333333333
chr13	9616818	9617051	46.6333333333
chr13	9617056	9617172	46.6333333333
chr13	9617177	9617197	46.6333333333
chr13	9617202	9617378	46.6333333333
chr13	9617383	9617650	46.6333333333
chr13	9617655	9617763	46.6333333333
chr13	9617768	9617781	46.6333333333
chr13	9617786	9618111	46.6333333333
chr13	9618116	9618169	46.6333333333
chr13	9618174	9618258	46.6333333333
chr13	9618263	9619357	46.6333333333
chr13	9619362	9620461	46.6333333333
chr13	9620466	9621393	0.3
chr13	9621398	9621735	0.3
chr13	9621740	9621814	0.3
chr13	9621819	9621903	0.3
chr13	9621908	9622743	0.3
chr13	9622748	9624108	0.3
chr13	9624113	9626878	0.3
chr13	9626883	9627213	0.3
chr13	9627218	9627345	0.3
chr13	9627350	9627504	0.3
chr13	9627509	9627939	0.3
chr13	9627944	9627961	0.3
chr13	9627966	9628635	0.3
chr13	9628640	9629279	0.3
chr13	9629284	9629476	0.0
chr13	9629481	9629782	0.0
chr13	9629787	9629820	0.0
chr13	9629825	9629889	0.0
chr13	9629894	9630434	0.0
chr13	9630439	9630441	0.0
chr13	9630446	9630640	0.0
chr13	9630645	9630758	0.0
chr13	9630763	9630788	0.0
chr13	9630793	9630852	0.0
chr13	9630857	9631170	0.0
chr13	9631175	9631225	0.0
chr13	9631230	9632116	0.0
chr13	9632121	9632502	0.0
chr13	9632507	9633105	0.0
chr13	9633110	9633375	0.0
chr13	9633380	9634217	0.0
chr13	9634222	9635306	0.0
chr13	9635311	9635376	0.0
chr13	9635381	9635396	0.0
chr13	9635401	9635485	0.0
chr13	9635490	9636462	0.0
chr13	9636467	9637867	0.0
chr13	9637872	9638718	0.0
chr13	9638723	9638727	0.0
chr13	9638732	9638736	0.0
chr13	9638741	9639036	0.0
chr13	9639041	9639135	0.0
chr13	9639140	9639347	0.0
chr13	9639352	9639570	0.0
chr13	9639575	9639598	0.0
chr13	9639603	9639819	0.0
chr13	9639824	9640741	0.0
chr13	9640746	9640751	0.0
chr13	9640756	9640871	0.0
chr13	9640876	9641646	0.0
chr13	9641651	9642245	0.0
chr13	9642250	9642252	0.0
chr13	9642257	9642267	0.0
chr13	9642272	9642359	0.0
chr13	9642364	9642380	0.0
chr13	9642385	9642757	0.0
chr13	9642762	9642998	0.0
chr13	9643003	9643402	0.0
chr13	9643407	9644013	0.0
chr13	9644018	9644880	0.0
chr13	9644885	9644903	0.0
chr13	9644908	9644922	0.0
chr13	9644927	9645005	0.0
chr13	9645010	9645513	0.0
chr13	9645518	9646002	0.0
chr13	9646007	9646863	0.0
chr13	9646868	9648760	0.0
chr13	9648765	9649536	0.0
chr13	9649541	9649801	0.0
chr13	9649806	9650489	0.0
chr13	9650494	9651107	0.0
chr13	9651112	9651258	0.0
chr13	9651263	9651390	0.0
chr13	9651395	9651432	0.0
chr13	9651437	9652736	0.0
chr13	9652741	9653100	0.0
chr13	9653105	9653588	0.0
chr13	9653593	9653991	0.0
chr13	9653996	9654979	0.0
chr13	9654984	9655168	0.0
chr13	9655173	9655993	0.0
chr13	9655998	9656117	0.0
chr13	9656122	9656129	0.0
chr13	9656134	9657676	0.0
chr13	9657681	9657771	0.0
chr13	9657776	9657924	0.0
chr13	9657929	9658004	0.0
chr13	9658009	9658212	0.0
chr13	9658217	9658483	0.0
chr13	9658488	9659824	0.0
chr13	9659829	9660123	0.0
chr13	9660128	9660392	0.0
chr13	9660397	9660687	0.0
chr13	9660692	9661079	0.0
chr13	9661084	9661223	0.0
chr13	9661228	9661259	0.0
chr13	9661264	9662288	0.0
chr13	9662293	9662628	0.0
chr13	9662633	9663467	0.0
chr13	9663472	9663529	0.0
chr13	9663534	9663675	0.0
chr13	9663680	9663991	0.0
chr13	9663996	9664972	0.0
chr13	9664977	9665080	0.0
chr13	9665085	9666407	0.0
chr13	9666412	9666741	0.0
chr13	9666751	9667015	0.0
chr13	9667020	9667351	0.0
chr13	9667356	9667363	0.0
chr13	9667368	9668016	0.0
chr13	9668021	9668653	0.0
chr13	9668658	9668754	0.0
chr13	9668759	9668802	0.0
chr13	9668807	9668818	0.0
chr13	9668823	9668841	0.0
chr13	9668846	9668898	0.0
chr13	9668903	9670276	0.0
chr13	9670281	9670722	0.0
chr13	9670727	9671590	0.0
chr13	9671595	9671994	0.0
chr13	9671999	9672071	0.0
chr13	9672076	9672576	0.0
chr13	9672581	9674511	0.0
chr13	9674516	9674892	0.0
chr13	9674897	9675216	0.0
chr13	9675221	9676571	0.0
chr13	9676576	9676577	0.0
chr13	9676582	9677089	0.0
chr13	9677094	9677143	0.0
chr13	9677148	9678710	0.0
chr13	9678715	9678772	0.0
chr13	9678777	9679197	0.0
chr13	9679202	9680021	0.0
chr13	9680026	9680573	0.0
chr13	9680578	9680996	0.0
chr13	9681001	9681079	0.0
chr13	9681084	9683758	0.0
chr13	9683763	9684201	0.0
chr13	9684206	9684416	0.0
chr13	9684421	9684853	0.0
chr13	9684858	9685701	0.0
chr13	9685706	9686061	0.0
chr13	9686066	9686069	0.0
chr13	9686074	9686357	0.0
chr13	9686362	9686379	0.0
chr13	9686384	9686673	0.0
chr13	9686678	9687523	0.0
chr13	9687528	9687845	0.0
chr13	9687850	9688323	0.0
chr13	9688328	9689762	0.0
chr13	9689767	9689935	0.0
chr13	9689940	9690342	0.0
chr13	9690347	9690879	0.0
chr13	9690884	9690972	0.0
chr13	9690977	9691425	0.0
chr13	9691430	9691724	0.0
chr13	9691729	9691813	0.0
chr13	9691818	9694333	0.0
chr13	9694338	9694417	0.0
chr13	9694422	9694841	0.0
chr13	9694846	9695303	0.0
chr13	9695308	9695640	0.0
chr13	9695645	9697344	0.0
chr13	9697349	9697501	0.0
chr13	9697506	9697673	0.0
chr13	9697678	9698199	0.0
chr13	9698204	9698215	0.0
chr13	9698220	9698724	0.0
chr13	9698729	9699323	0.0
chr13	9699328	9699337	0.0
chr13	9699342	9699405	0.0
chr13	9699410	9699654	0.0
chr13	9699659	9699674	0.0
chr13	9699679	9699868	0.0
chr13	9699873	9700836	0.0
chr13	9700841	9700893	0.0
chr13	9700898	9701158	0.0
chr13	9701163	9704024	0.0
chr13	9704029	9704186	0.0
chr13	9704191	9704202	0.0
chr13	9704207	9704619	0.0
chr13	9704624	9707278	0.0
chr13	9707283	9707289	0.0
chr13	9707294	9707295	0.0
chr13	9707300	9707325	0.0
chr13	9707330	9707428	0.0
chr13	9707433	9707481	0.0
chr13	9707486	9707766	0.0
chr13	9707771	9707784	0.0
chr13	9707789	9708990	0.0
chr13	9708995	9711405	0.0
chr13	9711410	9712260	0.0
chr13	9712265	9715656	0.0
chr13	9715661	9716282	0.0
chr13	9716287	9717626	0.0
chr13	9717631	9717928	0.0
chr13	9717933	9718055	0.0
chr13	9718060	9718615	0.0
chr13	9718620	9718761	0.0
chr13	9718766	9720742	0.0
chr13	9720747	9720788	0.0
chr13	9720793	9721487	0.0
chr13	9721492	9721947	0.0
chr13	9721952	9722487	0.0
chr13	9722492	9724059	0.0
chr13	9724064	9724753	0.0
chr13	9724758	9725998	0.0
chr13	9726003	9726485	0.0
chr13	9726490	9727745	0.0
chr13	9727750	9728005	0.0
chr13	9728010	9728041	0.0
chr13	9728046	9728125	0.0
chr13	9728130	9728283	0.0
chr13	9728288	9729055	0.0
chr13	9729060	9729792	0.0
chr13	9729797	9729849	0.0
chr13	9729854	9730444	0.0
chr13	9730449	9731040	0.0
chr13	9731045	9731224	0.0
chr13	9731229	9732059	0.0
chr13	9732064	9732081	0.0
chr13	9732086	9732125	0.0
chr13	9732130	9732641	0.0
chr13	9732646	9732990	0.0
chr13	9732995	9733061	0.0
chr13	9733066	9733753	15.2666666667
chr13	9733758	9734117	15.2666666667
chr13	9734122	9734140	15.2666666667
chr13	9734145	9734513	15.2666666667
chr13	9734518	9734938	318.4
chr13	9734943	9735123	318.4
chr13	9735128	9735501	318.4
chr13	9735506	9735508	391.4
chr13	9735513	9735579	391.4
chr13	9735584	9737045	391.4
chr13	9737050	9737999	391.4
chr13	9738004	9738031	391.4
chr13	9738036	9738184	600.133333333
chr13	9738189	9738229	808.866666667
chr13	9738239	9738439	808.866666667
chr13	9738444	9739446	808.866666667
chr13	9739451	9739582	808.866666667
chr13	9739587	9740735	808.866666667
chr13	9740740	9741046	808.866666667
chr13	9741051	9741324	808.866666667
chr13	9741329	9741513	808.866666667
chr13	9741518	9742042	808.866666667
chr13	9742047	9743538	808.866666667
chr13	9743543	9744719	808.866666667
chr13	9744724	9745845	808.866666667
chr13	9745850	9746310	808.866666667
chr13	9746315	9746584	808.866666667
chr13	9746589	9746599	808.866666667
chr13	9746604	9746920	808.866666667
chr13	9746925	9747468	808.866666667
chr13	9747473	9749099	793.6
chr13	9749104	9749198	793.6
chr13	9749203	9749295	793.6
chr13	9749300	9749304	793.6
chr13	9749309	9749313	490.466666667
chr13	9749318	9749704	490.466666667
chr13	9749709	9749936	490.466666667
chr13	9749941	9750085	426.366666667
chr13	9750090	9750126	426.366666667
chr13	9750131	9750633	426.366666667
chr13	9750638	9752226	426.366666667
chr13	9752231	9753006	426.366666667
chr13	9753011	9753184	217.633333333
chr13	9753189	9753654	18.9
chr13	9753659	9753994	18.9
chr13	9753999	9754587	18.9
chr13	9754592	9756059	18.9
chr13	9756064	9757515	18.9
chr13	9757520	9758107	18.9
chr13	9758112	9758288	18.9
chr13	9758293	9759158	18.9
chr13	9759163	9759164	18.9
chr13	9759169	9759527	18.9
chr13	9759532	9760646	18.9
chr13	9760651	9760712	18.9
chr13	9760717	9761168	18.9
chr13	9761173	9761835	18.9
chr13	9761840	9762511	18.9
chr13	9762516	9763136	18.9
chr13	9763141	9763750	18.9
chr13	9763755	9764195	18.9
chr13	9764200	9764794	18.9
chr13	9764799	9767101	18.9
chr13	9767106	9767457	18.9
chr13	9767462	9767595	18.9
chr13	9767600	9767679	18.9
chr13	9767684	9768483	18.9
chr13	9768488	9768797	10.0
chr13	9768802	9769169	93.0
chr13	9769174	9769491	93.0
chr13	9769496	9769500	93.0
chr13	9769505	9769983	93.0
chr13	9769988	9770199	95.1333333333
chr13	9770204	9770339	85.1333333333
chr13	9770344	9770691	85.1333333333
chr13	9770696	9771480	85.1333333333
chr13	9771485	9771647	85.1333333333
chr13	9771652	9772093	85.1333333333
chr13	9772098	9772112	85.1333333333
chr13	9772117	9772282	115.166666667
chr13	9772287	9772482	115.166666667
chr13	9772487	9773484	115.166666667
chr13	9773489	9773820	115.166666667
chr13	9773825	9774931	115.166666667
chr13	9774936	9775440	115.166666667
chr13	9775445	9775612	115.166666667
chr13	9775617	9775978	115.166666667
chr13	9775983	9777093	115.166666667
chr13	9777098	9777460	115.166666667
chr13	9777465	9777815	115.166666667
chr13	9777820	9778333	115.166666667
chr13	9778338	9778452	115.166666667
chr13	9778457	9778611	115.166666667
chr13	9778616	9779352	115.166666667
chr13	9779357	9779500	115.166666667
chr13	9779505	9780523	115.166666667
chr13	9780528	9780738	115.166666667
chr13	9780743	9781139	115.166666667
chr13	9781144	9781374	32.1666666667
chr13	9781379	9782504	32.1666666667
chr13	9782509	9785033	32.1666666667
chr13	9785038	9785624	32.1666666667
chr13	9785629	9785740	30.0333333333
chr13	9785745	9785899	30.0333333333
chr13	9785904	9786163	30.0333333333
chr13	9786168	9786495	30.0333333333
chr13	9786500	9787293	30.0333333333
chr13	9787298	9788593	30.0333333333
chr13	9788598	9789831	30.0333333333
chr13	9789836	9790699	0.0
chr13	9790709	9791364	0.0
chr13	9791369	9791405	0.0
chr13	9791410	9791568	0.0
chr13	9791573	9791801	0.0
chr13	9791806	9792413	0.0
chr13	9792418	9792571	0.0
chr13	9792576	9792965	0.0
chr13	9792970	9793800	0.0
chr13	9793805	9795517	0.0
chr13	9795522	9795583	0.0
chr13	9795588	9795592	0.0
chr13	9795597	9795780	0.0
chr13	9795785	9796064	0.0
chr13	9796069	9796750	0.0
chr13	9796755	9797381	0.0
chr13	9797386	9797528	0.0
chr13	9797533	9797969	0.0
chr13	9797974	9798899	0.0
chr13	9798904	9800080	0.0
chr13	9800085	9800721	0.0
chr13	9800726	9801558	0.0
chr13	9801563	9802590	0.0
chr13	9802595	9802705	0.0
chr13	9802710	9803104	0.0
chr13	9803109	9804228	0.0
chr13	9804233	9804488	0.0
chr13	9804493	9804565	0.0
chr13	9804570	9805042	0.0
chr13	9805047	9805222	0.0
chr13	9805227	9805475	0.0
chr13	9805480	9805852	0.0
chr13	9805857	9806121	0.0
chr13	9806126	9806411	0.0
chr13	9806416	9806572	0.0
chr13	9806577	9806730	0.0
chr13	9806735	9807504	0.0
chr13	9807509	9807827	0.0
chr13	9807832	9807838	0.0
chr13	9807843	9808981	0.0
chr13	9808986	9810063	0.0
chr13	9810068	9810108	0.0
chr13	9810113	9811133	0.0
chr13	9811138	9811361	0.0
chr13	9811366	9811395	0.0
chr13	9811400	9811410	0.0
chr13	9811415	9811630	0.0
chr13	9811635	9812786	0.0
chr13	9812791	9814536	0.0
chr13	9814541	9815052	0.0
chr13	9815057	9815719	0.0
chr13	9815724	9815771	0.0
chr13	9815776	9817451	93.1
chr13	9817456	9818086	93.1
chr13	9818091	9818276	93.1
chr13	9818281	9818600	93.1
chr13	9818605	9819199	93.1
chr13	9819204	9820235	93.1
chr13	9820240	9820493	93.1
chr13	9820498	9820641	93.1
chr13	9820646	9820682	93.1
chr13	9820687	9820694	93.1
chr13	9820699	9821055	93.1
chr13	9821060	9822064	93.1
chr13	9822069	9823565	93.1
chr13	9823570	9824753	93.1
chr13	9824758	9825689	93.1
chr13	9825694	9826135	93.1
chr13	9826140	9826202	93.1
chr13	9826207	9826399	93.1
chr13	9826404	9826449	93.1
chr13	9826454	9826856	93.1
chr13	9826861	9827283	93.1333333333
chr13	9827288	9827534	413.733333333
chr13	9827539	9827833	413.733333333
chr13	9827838	9828425	413.733333333
chr13	9828430	9828533	413.733333333
chr13	9828538	9828843	413.733333333
chr13	9828848	9828983	413.733333333
chr13	9828988	9829297	413.733333333
chr13	9829302	9829718	413.733333333
chr13	9829723	9829730	413.733333333
chr13	9829735	9830333	320.633333333
chr13	9830338	9830906	320.633333333
chr13	9830911	9830958	320.633333333
chr13	9830963	9831314	320.633333333
chr13	9831319	9831382	320.633333333
chr13	9831387	9832651	320.633333333
chr13	9832656	9832756	320.633333333
chr13	9832761	9833533	320.633333333
chr13	9833538	9834600	320.633333333
chr13	9834605	9834821	320.633333333
chr13	9834826	9835027	320.633333333
chr13	9835032	9835289	320.633333333
chr13	9835294	9836552	320.633333333
chr13	9836557	9837569	333.3
chr13	9837574	9837578	333.3
chr13	9837583	9838506	333.3
chr13	9838511	9838919	333.3
chr13	9838924	9839953	333.3
chr13	9839958	9842296	333.3
chr13	9842301	9842978	333.3
chr13	9842983	9843824	333.266666667
chr13	9843829	9843871	12.6666666667
chr13	9843876	9845003	12.6666666667
chr13	9845008	9845170	12.6666666667
chr13	9845175	9845416	12.6666666667
chr13	9845421	9845594	12.6666666667
chr13	9845599	9845608	12.6666666667
chr13	9845613	9845895	12.6666666667
chr13	9845900	9846240	12.6666666667
chr13	9846245	9846547	12.6666666667
chr13	9846552	9847682	12.6666666667
chr13	9847687	9849192	12.6666666667
chr13	9849197	9850230	12.6666666667
chr13	9850235	9850977	12.6666666667
chr13	9850982	9851019	12.6666666667
chr13	9851024	9851548	12.6666666667
chr13	9851553	9852056	12.6666666667
chr13	9852061	9852192	12.6666666667
chr13	9852197	9852295	12.6666666667
chr13	9852300	9853577	12.6666666667
chr13	9853582	9853939	12.6666666667
chr13	9853944	9854752	12.6666666667
chr13	9854757	9854762	12.6666666667
chr13	9854767	9854813	0.0
chr13	9854818	9855403	0.0
chr13	9855408	9855457	0.0
chr13	9855462	9855881	0.0
chr13	9855886	9856095	0.0
chr13	9856100	9856943	0.0
chr13	9856948	9857074	0.0
chr13	9857079	9857460	0.0
chr13	9857465	9857813	0.0
chr13	9857818	9857875	0.0
chr13	9857880	9858092	0.233333333333
chr13	9858097	9858589	0.233333333333
chr13	9858594	9863085	0.233333333333
chr13	9863090	9864353	0.233333333333
chr13	9864358	9864387	0.233333333333
chr13	9864392	9864959	0.233333333333
chr13	9864964	9865178	0.233333333333
chr13	9865183	9865553	0.233333333333
chr13	9865558	9868187	0.233333333333
chr13	9868192	9868452	0.233333333333
chr13	9868457	9868509	5.5
chr13	9868514	9868516	5.5
chr13	9868521	9868797	5.5
chr13	9868802	9868809	5.5
chr13	9868814	9868920	5.5
chr13	9868925	9869328	5.5
chr13	9869333	9869450	5.5
chr13	9869455	9869764	5.5
chr13	9869769	9872022	5.5
chr13	9872027	9872644	5.5
chr13	9872649	9872752	5.5
chr13	9872757	9872909	5.5
chr13	9872914	9873895	5.5
chr13	9873900	9875266	5.5
chr13	9875271	9875834	5.5
chr13	9875839	9875977	5.5
chr13	9875982	9877446	5.5
chr13	9877451	9877536	5.5
chr13	9877541	9877599	5.5
chr13	9877604	9878062	5.5
chr13	9878067	9878738	5.26666666667
chr13	9878743	9879655	5.26666666667
chr13	9879660	9879846	5.26666666667
chr13	9879851	9880697	5.26666666667
chr13	9880702	9881889	5.26666666667
chr13	9881894	9882075	5.26666666667
chr13	9882080	9883189	5.26666666667
chr13	9883194	9884048	5.26666666667
chr13	9884053	9884793	5.26666666667
chr13	9884798	9884827	5.26666666667
chr13	9884832	9884881	0.0
chr13	9884886	9885727	0.0
chr13	9885732	9888212	0.0
chr13	9888217	9888264	0.0
chr13	9888269	9888529	0.0
chr13	9888534	9888917	0.0
chr13	9888922	9889976	0.0
chr13	9889981	9890714	0.0
chr13	9890719	9892602	0.0
chr13	9892607	9892936	0.0
chr13	9892941	9893278	0.0
chr13	9893283	9894280	0.0
chr13	9894285	9896007	0.0
chr13	9896012	9896127	0.0
chr13	9896132	9896458	0.0
chr13	9896463	9899214	0.0
chr13	9899219	9899981	0.0
chr13	9899986	9900338	0.0
chr13	9900343	9900576	0.0
chr13	9900581	9900932	0.0
chr13	9900937	9901281	0.0
chr13	9901286	9901519	0.0
chr13	9901524	9901537	0.0
chr13	9901542	9901780	0.0
chr13	9901785	9902921	0.0
chr13	9902926	9903106	0.0
chr13	9903111	9904888	0.0
chr13	9904893	9905396	0.0
chr13	9905401	9906299	0.0
chr13	9906304	9906456	0.0
chr13	9906461	9906845	0.0
chr13	9906850	9907232	0.0
chr13	9907237	9907363	0.0
chr13	9907368	9907458	1772.7
chr13	9907463	9907564	1772.7
chr13	9907569	9907663	1772.7
chr13	9907668	9908574	1772.7
chr13	9908579	9909197	1772.7
chr13	9909202	9909649	1772.7
chr13	9909654	9909856	1772.7
chr13	9909861	9911286	1772.7
chr13	9911291	9911517	1772.7
chr13	9911522	9912770	1977.13333333
chr13	9912775	9913482	1977.13333333
chr13	9913487	9913498	1977.13333333
chr13	9913503	9914579	1977.13333333
chr13	9914584	9916662	1977.13333333
chr13	9916667	9916893	1977.13333333
chr13	9916898	9917069	1977.13333333
chr13	9917074	9917087	1977.13333333
chr13	9917092	9918672	1977.13333333
chr13	9918677	9919677	1977.13333333
chr13	9919682	9920216	1977.13333333
chr13	9920221	9920477	1977.13333333
chr13	9920482	9920838	1977.13333333
chr13	9920843	9923288	1977.13333333
chr13	9923293	9923570	1977.13333333
chr13	9923575	9924207	1977.13333333
chr13	9924212	9925169	1977.13333333
chr13	9925174	9926418	1977.13333333
chr13	9926423	9926719	1977.13333333
chr13	9926724	9927258	1977.13333333
chr13	9927263	9927876	1977.13333333
chr13	9927881	9928058	204.433333333
chr13	9928063	9928561	204.433333333
chr13	9928566	9928571	204.433333333
chr13	9928576	9930494	204.433333333
chr13	9930499	9930697	204.433333333
chr13	9930702	9931203	204.433333333
chr13	9931208	9931535	204.433333333
chr13	9931540	9931792	204.433333333
chr13	9931797	9931966	204.433333333
chr13	9931971	9932266	0.0
chr13	9932271	9932383	0.0
chr13	9932388	9933145	0.0
chr13	9933150	9933313	0.0
chr13	9933318	9933594	0.0
chr13	9933599	9933713	0.0
chr13	9933718	9934101	0.0
chr13	9934106	9935000	0.0
chr13	9935005	9935235	0.0
chr13	9935240	9936397	0.0
chr13	9936402	9936582	0.0
chr13	9936587	9937184	0.0
chr13	9937189	9937344	0.0
chr13	9937349	9937465	0.0
chr13	9937470	9938220	0.0
chr13	9938225	9939003	0.0
chr13	9939008	9939418	0.0
chr13	9939423	9939468	0.0
chr13	9939473	9939533	0.0
chr13	9939538	9940249	0.0
chr13	9940254	9941133	0.0
chr13	9941138	9941200	0.0
chr13	9941205	9941486	0.0
chr13	9941491	9941800	19.2666666667
chr13	9941805	9941957	19.2666666667
chr13	9941962	9942749	19.2666666667
chr13	9942754	9943121	19.2666666667
chr13	9943126	9943448	19.2666666667
chr13	9943453	9943530	19.2666666667
chr13	9943535	9943685	19.2666666667
chr13	9943690	9943959	19.2666666667
chr13	9943964	9944294	19.2666666667
chr13	9944299	9944464	19.2666666667
chr13	9944469	9945934	19.2666666667
chr13	9945939	9946314	19.2666666667
chr13	9946319	9946599	19.2666666667
chr13	9946604	9946778	19.2666666667
chr13	9946783	9947347	19.2666666667
chr13	9947352	9948957	19.2666666667
chr13	9948962	9949117	19.2666666667
chr13	9949122	9949285	19.2666666667
chr13	9949290	9950152	19.2666666667
chr13	9950157	9950422	19.2666666667
chr13	9950427	9950479	19.2666666667
chr13	9950484	9950968	19.2666666667
chr13	9950973	9951033	19.2666666667
chr13	9951038	9951064	19.2666666667
chr13	9951069	9951153	19.2666666667
chr13	9951158	9951677	19.2666666667
chr13	9951682	9951749	19.2666666667
chr13	9951754	9951799	19.2666666667
chr13	9951804	9952794	19.2666666667
chr13	9952799	9953255	19.2666666667
chr13	9953260	9953581	0.0
chr13	9953586	9954994	0.0
chr13	9954999	9955162	0.0
chr13	9955167	9955762	0.0
chr13	9955767	9956083	0.0
chr13	9956088	9956441	0.0
chr13	9956446	9956796	0.0
chr13	9956801	9957826	0.0
chr13	9957831	9958131	0.0
chr13	9958136	9958661	0.0
chr13	9958666	9958711	0.0
chr13	9958716	9962158	1.86666666667
chr13	9962163	9962217	1.86666666667
chr13	9962222	9962722	1.86666666667
chr13	9962727	9963231	1.86666666667
chr13	9963236	9963245	1.86666666667
chr13	9963250	9963646	1.86666666667
chr13	9963651	9964295	1.86666666667
chr13	9964300	9964331	1.86666666667
chr13	9964336	9964586	1.86666666667
chr13	9964591	9965381	1.86666666667
chr13	9965386	9966608	1.86666666667
chr13	9966613	9966790	1.86666666667
chr13	9966795	9967296	1.86666666667
chr13	9967301	9967373	1.86666666667
chr13	9967378	9968126	1.86666666667
chr13	9968131	9968784	1.86666666667
chr13	9968789	9969896	1.86666666667
chr13	9969901	9972397	1.86666666667
chr13	9972402	9972420	1.86666666667
chr13	9972425	9972753	1.86666666667
chr13	9972758	9973762	1.86666666667
chr13	9973767	9973817	1.86666666667
chr13	9973822	9974660	1.86666666667
chr13	9974665	9974668	1.86666666667
chr13	9974673	9974700	1.86666666667
chr13	9974705	9976674	1.86666666667
chr13	9976679	9976837	1.86666666667
chr13	9976842	9977803	1.86666666667
chr13	9977808	9977949	1.86666666667
chr13	9977954	9978105	1.86666666667
chr13	9978110	9978408	0.0
chr13	9978413	9978902	0.0
chr13	9978907	9979275	0.0
chr13	9979280	9979649	0.0
chr13	9979654	9980125	0.0
chr13	9980130	9981256	0.0
chr13	9981261	9981348	0.0
chr13	9981353	9982184	0.0
chr13	9982189	9982771	0.0
chr13	9982776	9982886	0.0
chr13	9982891	9982988	0.0
chr13	9982993	9984124	0.0
chr13	9984129	9984142	0.0
chr13	9984147	9985766	0.0
chr13	9985771	9985804	0.0
chr13	9985809	9985887	0.0
chr13	9985892	9986072	0.0
chr13	9986077	9987017	0.0
chr13	9987022	9987802	0.0
chr13	9987807	9987935	0.0
chr13	9987940	9988216	0.0
chr13	9988221	9989301	0.0
chr13	9989306	9989797	0.0
chr13	9989802	9989874	0.0
chr13	9989879	9989893	0.0
chr13	9989898	9990561	0.0
chr13	9990566	9991521	0.0
chr13	9991526	9991557	0.0
chr13	9991562	9991640	0.0
chr13	9991645	9991652	0.0
chr13	9991657	9991672	0.0
chr13	9991677	9991933	0.0
chr13	9991938	9992057	0.0
chr13	9992062	9992178	0.0
chr13	9992183	9993944	0.0
chr13	9993949	9994078	0.0
chr13	9994083	9994622	0.0
chr13	9994627	9995340	0.0
chr13	9995345	9996598	0.0
chr13	9996603	9996794	0.0
chr13	9996799	9999007	0.0
chr13	9999012	10001135	0.0
chr13	10001140	10001579	0.0
chr13	10001584	10002392	0.0
chr13	10002397	10002651	0.0
chr13	10002656	10003544	0.0
chr13	10003549	10003776	0.0
chr13	10003781	10003820	0.0
chr13	10003825	10003909	0.0
chr13	10003914	10003976	0.0
chr13	10003981	10004568	0.0
chr13	10004573	10004705	0.0
chr13	10004710	10004820	0.0
chr13	10004825	10005089	0.0
chr13	10005094	10005217	0.0
chr13	10005222	10005599	0.0
chr13	10005604	10005647	0.0
chr13	10005652	10006200	0.0
chr13	10006205	10006260	0.0
chr13	10006265	10006480	0.0
chr13	10006485	10006895	0.0
chr13	10006900	10006939	0.0
chr13	10006944	10007254	0.0
chr13	10007259	10007341	0.0
chr13	10007346	10007729	0.0
chr13	10007734	10007790	0.0
chr13	10007795	10008532	0.0
chr13	10008537	10008744	0.0
chr13	10008749	10008994	0.0
chr13	10008999	10009079	0.0
chr13	10009084	10009149	0.0
chr13	10009154	10009157	0.0
chr13	10009162	10009456	0.0
chr13	10009461	10010450	0.0
chr13	10010455	10010570	0.0
chr13	10010575	10011054	0.0
chr13	10011059	10011092	0.0
chr13	10011097	10011242	0.0
chr13	10011247	10011661	0.0
chr13	10011666	10012945	0.0
chr13	10012950	10013515	0.0
chr13	10013520	10013569	0.0
chr13	10013574	10014785	0.0
chr13	10014790	10016355	0.0
chr13	10016360	10016730	0.0
chr13	10016735	10019010	0.0
chr13	10019015	10019216	0.0
chr13	10019221	10020018	0.0
chr13	10020023	10020396	0.0
chr13	10020401	10020630	0.0
chr13	10020635	10021396	0.0
chr13	10021401	10021581	0.0
chr13	10021586	10022139	0.0
chr13	10022144	10022160	0.0
chr13	10022165	10022212	0.0
chr13	10022217	10022245	0.0
chr13	10022250	10022832	0.0
chr13	10022837	10023614	0.0
chr13	10023619	10023936	0.0
chr13	10023941	10024265	0.0
chr13	10024270	10025215	0.0
chr13	10025220	10025273	0.0
chr13	10025278	10025916	0.0
chr13	10025921	10026869	0.0
chr13	10026874	10027025	0.0
chr13	10027030	10027830	0.0
chr13	10027835	10030415	0.0
chr13	10030420	10030780	0.0
chr13	10030785	10031336	0.0
chr13	10031341	10033306	0.0
chr13	10033311	10033429	0.0
chr13	10033434	10034815	0.0
chr13	10034825	10035147	0.0
chr13	10035152	10035825	0.0
chr13	10035830	10036418	0.0
chr13	10036423	10036678	0.0
chr13	10036683	10037797	0.0
chr13	10037802	10038246	0.0
chr13	10038251	10038518	0.0
chr13	10038523	10038702	0.0
chr13	10038707	10038933	0.0
chr13	10038938	10039138	0.0
chr13	10039143	10039798	0.0
chr13	10039803	10039816	0.0
chr13	10039821	10039937	0.0
chr13	10039942	10040044	0.0
chr13	10040049	10040264	0.0
chr13	10040269	10040338	0.0
chr13	10040343	10040409	0.0
chr13	10040414	10040520	0.0666666666667
chr13	10040525	10040911	0.0666666666667
chr13	10040916	10042085	0.0666666666667
chr13	10042090	10042251	0.0666666666667
chr13	10042256	10042382	0.0666666666667
chr13	10042387	10042917	0.0666666666667
chr13	10042922	10044678	0.0666666666667
chr13	10044683	10044713	0.0666666666667
chr13	10044718	10044938	0.0666666666667
chr13	10044943	10044950	0.0666666666667
chr13	10044955	10046943	0.0666666666667
chr13	10046948	10047280	0.0666666666667
chr13	10047285	10047556	0.0666666666667
chr13	10047561	10048117	0.0666666666667
chr13	10048122	10049464	0.0666666666667
chr13	10049469	10049650	0.0666666666667
chr13	10049655	10049743	0.0666666666667
chr13	10049748	10049885	0.0666666666667
chr13	10049890	10049926	0.0666666666667
chr13	10049931	10050096	0.0666666666667
chr13	10050101	10050594	0.0666666666667
chr13	10050599	10050893	0.0666666666667
chr13	10050898	10051270	0.0666666666667
chr13	10051275	10053294	0.0666666666667
chr13	10053299	10053596	0.0666666666667
chr13	10053601	10053677	0.0666666666667
chr13	10053682	10054190	0.1
chr13	10054195	10054197	0.1
chr13	10054202	10054984	0.1
chr13	10054989	10055057	0.1
chr13	10055062	10055328	0.0333333333333
chr13	10055333	10056986	0.0333333333333
chr13	10056991	10057017	0.0333333333333
chr13	10057022	10057744	0.0333333333333
chr13	10057749	10057988	0.0333333333333
chr13	10057993	10058792	0.0333333333333
chr13	10058797	10059998	0.0333333333333
chr13	10060003	10060938	0.0333333333333
chr13	10060947	10060977	0.0333333333333
chr13	10060982	10061128	0.0333333333333
chr13	10061133	10061573	0.0333333333333
chr13	10061578	10062942	0.0333333333333
chr13	10062947	10063157	0.0333333333333
chr13	10063162	10063218	0.0333333333333
chr13	10063223	10063641	0.0333333333333
chr13	10063646	10063881	0.0333333333333
chr13	10063886	10063908	0.0333333333333
chr13	10063913	10064245	0.0333333333333
chr13	10064250	10064789	0.0333333333333
chr13	10064794	10065065	0.0333333333333
chr13	10065070	10065840	0.0333333333333
chr13	10065845	10066069	0.0333333333333
chr13	10066074	10066415	0.0333333333333
chr13	10066420	10066450	0.0333333333333
chr13	10066455	10067223	0.0333333333333
chr13	10067228	10067318	0.0333333333333
chr13	10067323	10067333	0.0
chr13	10067338	10067828	0.0
chr13	10067833	10068010	0.0
chr13	10068015	10068948	0.0
chr13	10068953	10069617	0.0
chr13	10069622	10069964	0.0
chr13	10069969	10070386	0.0
chr13	10070391	10070716	0.0
chr13	10070721	10070735	0.0
chr13	10070740	10070758	0.0
chr13	10070763	10071891	0.0
chr13	10071896	10072107	0.0
chr13	10072112	10072243	0.0
chr13	10072248	10072327	0.0
chr13	10072332	10072473	0.0
chr13	10072478	10072952	0.0
chr13	10072957	10073230	0.0
chr13	10073235	10073307	0.0
chr13	10073312	10073801	0.0
chr13	10073806	10074031	0.0
chr13	10074036	10074232	0.0
chr13	10074237	10074385	0.0
chr13	10074390	10074708	0.0
chr13	10074713	10075474	0.0
chr13	10075479	10076004	0.0
chr13	10076009	10077779	0.0
chr13	10077784	10077896	0.0
chr13	10077901	10078247	0.0
chr13	10078252	10078638	0.0
chr13	10078643	10078993	0.0
chr13	10078998	10079012	0.0
chr13	10079017	10079059	0.533333333333
chr13	10079064	10079081	0.533333333333
chr13	10079086	10079204	0.533333333333
chr13	10079209	10079245	0.533333333333
chr13	10079250	10079384	0.533333333333
chr13	10079389	10080018	0.533333333333
chr13	10080023	10080176	0.533333333333
chr13	10080181	10080221	0.533333333333
chr13	10080226	10080725	0.533333333333
chr13	10080730	10080892	0.533333333333
chr13	10080897	10081153	0.533333333333
chr13	10081158	10081347	0.533333333333
chr13	10081352	10081477	0.533333333333
chr13	10081482	10082813	0.533333333333
chr13	10082818	10083404	0.533333333333
chr13	10083409	10083727	0.533333333333
chr13	10083732	10083745	0.533333333333
chr13	10083750	10085625	0.533333333333
chr13	10085630	10086076	0.533333333333
chr13	10086081	10088042	0.533333333333
chr13	10088047	10089678	0.533333333333
chr13	10089683	10089699	0.533333333333
chr13	10089704	10090710	0.533333333333
chr13	10090715	10090732	0.533333333333
chr13	10090737	10091403	0.533333333333
chr13	10091408	10091870	0.533333333333
chr13	10091875	10092651	0.533333333333
chr13	10092656	10092706	0.533333333333
chr13	10092711	10092935	0.533333333333
chr13	10092940	10092948	0.533333333333
chr13	10092953	10092974	0.0
chr13	10092979	10093628	0.0
chr13	10093633	10093919	0.0
chr13	10093924	10094292	0.0
chr13	10094297	10094622	0.0
chr13	10094627	10095545	0.0
chr13	10095550	10096167	0.0
chr13	10096172	10096173	0.0
chr13	10096178	10096196	0.0
chr13	10096201	10096598	0.0
chr13	10096603	10097014	0.0
chr13	10097019	10097359	0.0
chr13	10097364	10097400	0.0
chr13	10097405	10097498	0.0
chr13	10097503	10098253	0.0
chr13	10098258	10098677	0.0
chr13	10098682	10098894	0.0
chr13	10098899	10099569	0.0
chr13	10099574	10099664	0.0
chr13	10099669	10099827	0.0
chr13	10099832	10100487	0.0
chr13	10100492	10101690	0.0
chr13	10101695	10102755	0.0
chr13	10102760	10104057	0.0
chr13	10104062	10104270	0.0
chr13	10104275	10105157	0.0
chr13	10105162	10105759	0.0
chr13	10105764	10105868	0.0
chr13	10105873	10106188	0.0
chr13	10106193	10106907	0.0
chr13	10106912	10107022	0.0
chr13	10107027	10108038	0.0
chr13	10108043	10108167	0.0
chr13	10108172	10109518	0.0
chr13	10109523	10111252	0.0
chr13	10111257	10111390	0.0
chr13	10111395	10111760	0.0
chr13	10111765	10111928	0.0
chr13	10111933	10112144	0.0
chr13	10112149	10113068	0.0
chr13	10113073	10114212	0.0
chr13	10114217	10115362	0.0
chr13	10115367	10116600	0.0
chr13	10116605	10118065	0.0
chr13	10118070	10118227	0.0
chr13	10118232	10118247	0.0
chr13	10118252	10118493	0.0
chr13	10118498	10119831	0.0
chr13	10119836	10120627	0.0
chr13	10120632	10121042	0.0
chr13	10121047	10121229	0.0
chr13	10121234	10122601	0.0
chr13	10122606	10122902	0.0
chr13	10122907	10124676	0.0
chr13	10124681	10124892	0.0
chr13	10124897	10124923	0.0
chr13	10124928	10125122	0.0
chr13	10125127	10125379	0.0
chr13	10125389	10125587	0.0
chr13	10125592	10125701	0.0
chr13	10125706	10126138	0.0
chr13	10126143	10126224	0.0
chr13	10126229	10126776	0.0
chr13	10126781	10127426	0.0
chr13	10127431	10127571	0.0
chr13	10127576	10130066	0.0
chr13	10130071	10131247	0.0
chr13	10131252	10131603	0.0
chr13	10131608	10131720	0.0
chr13	10131725	10132477	0.0
chr13	10132482	10132682	0.0
chr13	10132687	10132911	0.0
chr13	10132916	10133062	0.0
chr13	10133067	10134230	0.0
chr13	10134235	10134904	0.0
chr13	10134909	10136007	0.0
chr13	10136012	10137216	0.0
chr13	10137221	10137553	0.0
chr13	10137558	10138841	0.0
chr13	10138846	10140099	0.0
chr13	10140104	10140896	0.0
chr13	10140901	10141603	0.0
chr13	10141608	10141652	0.0
chr13	10141657	10142012	0.0
chr13	10142017	10142024	0.0
chr13	10142029	10142140	0.0
chr13	10142145	10142163	0.0
chr13	10142168	10142667	0.0
chr13	10142672	10143203	0.0
chr13	10143208	10143591	0.0
chr13	10143596	10143810	0.0
chr13	10143815	10144093	0.0
chr13	10144098	10144382	0.0
chr13	10144391	10144566	0.0
chr13	10144571	10145584	0.0
chr13	10145589	10146181	0.0
chr13	10146186	10146796	0.0
chr13	10146801	10147096	0.0
chr13	10147101	10147774	0.0
chr13	10147779	10148232	0.0
chr13	10148237	10148776	0.0
chr13	10148781	10151002	0.0
chr13	10151007	10151734	0.0
chr13	10151739	10152858	0.0
chr13	10152863	10154533	0.0
chr13	10154538	10154831	0.0
chr13	10154836	10155202	0.0
chr13	10155207	10155640	0.0
chr13	10155645	10155748	0.0
chr13	10155753	10156720	0.0
chr13	10156725	10158086	0.0
chr13	10158091	10160590	0.0
chr13	10160595	10160966	0.0
chr13	10160971	10163903	0.0
chr13	10163913	10164122	0.0
chr13	10164127	10164509	0.0
chr13	10164514	10165378	0.0
chr13	10165383	10165551	0.0
chr13	10165556	10165844	0.0
chr13	10165849	10166265	0.0
chr13	10166270	10166723	0.0
chr13	10166728	10167032	0.0
chr13	10167037	10167261	0.0
chr13	10167266	10168108	0.0
chr13	10168113	10169606	0.0
chr13	10169611	10170119	0.0
chr13	10170124	10171710	0.0
chr13	10171715	10172165	0.0
chr13	10172170	10172213	0.0
chr13	10172218	10172378	0.0
chr13	10172383	10172505	0.0
chr13	10172510	10173504	0.0
chr13	10173509	10174274	0.0
chr13	10174279	10174779	0.0
chr13	10174784	10175800	0.0
chr13	10175805	10176086	0.0
chr13	10176091	10176153	0.0
chr13	10176158	10176367	0.0
chr13	10176372	10177727	0.0
chr13	10177732	10179537	0.0
chr13	10179542	10179619	0.0
chr13	10179624	10179698	0.0
chr13	10179703	10179774	0.0
chr13	10179779	10180071	0.0
chr13	10180076	10180173	0.0
chr13	10180178	10180306	0.0
chr13	10180311	10180575	0.0
chr13	10180580	10181904	0.0
chr13	10181909	10182098	0.0
chr13	10182103	10182257	0.0
chr13	10182262	10182564	0.0
chr13	10182569	10182691	0.0
chr13	10182696	10182885	0.0
chr13	10182890	10183044	0.0
chr13	10183049	10183254	0.0
chr13	10183259	10183355	0.0
chr13	10183360	10183488	0.0
chr13	10183493	10183619	0.0
chr13	10183624	10183750	0.0
chr13	10183755	10184372	0.0
chr13	10184377	10185597	0.0
chr13	10185602	10186409	2.03333333333
chr13	10186414	10186582	2.03333333333
chr13	10186587	10186713	2.03333333333
chr13	10186718	10186924	2.03333333333
chr13	10186929	10186974	2.03333333333
chr13	10186979	10187089	2.03333333333
chr13	10187094	10187804	2.03333333333
chr13	10187809	10187942	2.03333333333
chr13	10187947	10188107	2.03333333333
chr13	10188112	10188233	2.03333333333
chr13	10188238	10188776	2.03333333333
chr13	10188781	10188784	2.03333333333
chr13	10188789	10188932	1002.86666667
chr13	10188937	10189301	1002.86666667
chr13	10189306	10189773	1002.86666667
chr13	10189778	10190640	1002.86666667
chr13	10190645	10190656	1002.86666667
chr13	10190661	10191496	1002.86666667
chr13	10191501	10192705	1002.86666667
chr13	10192710	10193285	1002.86666667
chr13	10193290	10193329	1002.86666667
chr13	10193334	10193443	1002.86666667
chr13	10193448	10193856	1002.86666667
chr13	10193861	10193886	1002.86666667
chr13	10193891	10195922	1002.9
chr13	10195927	10197104	1002.9
chr13	10197109	10197155	1002.9
chr13	10197160	10197599	1002.9
chr13	10197604	10197699	1002.9
chr13	10197704	10197899	1002.9
chr13	10197904	10198358	1000.86666667
chr13	10198363	10200899	1000.86666667
chr13	10200904	10201055	1000.86666667
chr13	10201060	10201301	1000.86666667
chr13	10201306	10201547	1000.86666667
chr13	10201552	10201761	1000.86666667
chr13	10201766	10202385	1000.86666667
chr13	10202390	10202462	1000.86666667
chr13	10202467	10202982	1000.86666667
chr13	10202987	10203146	1000.86666667
chr13	10203151	10204674	1001.4
chr13	10204679	10204827	1001.4
chr13	10204832	10205412	0.566666666667
chr13	10205417	10205443	0.566666666667
chr13	10205448	10206567	0.566666666667
chr13	10206572	10206840	0.566666666667
chr13	10206845	10206958	0.566666666667
chr13	10206963	10206971	0.566666666667
chr13	10206976	10207487	0.566666666667
chr13	10207492	10207541	0.566666666667
chr13	10207546	10208146	0.566666666667
chr13	10208151	10208359	11.4666666667
chr13	10208364	10208589	11.4666666667
chr13	10208594	10208599	11.4666666667
chr13	10208604	10209054	11.4333333333
chr13	10209059	10209672	11.4333333333
chr13	10209677	10209688	11.4333333333
chr13	10209693	10209919	11.4333333333
chr13	10209924	10209977	11.4333333333
chr13	10209982	10210767	11.4333333333
chr13	10210772	10211171	11.4333333333
chr13	10211176	10211463	11.4333333333
chr13	10211468	10211692	11.4333333333
chr13	10211697	10212748	11.4333333333
chr13	10212753	10212762	11.4333333333
chr13	10212767	10213239	11.4333333333
chr13	10213244	10213645	11.4333333333
chr13	10213650	10213768	11.4333333333
chr13	10213773	10214144	332.9
chr13	10214149	10214257	332.9
chr13	10214262	10214725	332.366666667
chr13	10214730	10216787	332.366666667
chr13	10216792	10217847	332.366666667
chr13	10217852	10217930	332.366666667
chr13	10217935	10218904	332.366666667
chr13	10218909	10218928	590.0
chr13	10218933	10218989	590.0
chr13	10218994	10219928	590.0
chr13	10219933	10219946	590.0
chr13	10219951	10220991	590.0
chr13	10220996	10221668	590.0
chr13	10221673	10221818	579.1
chr13	10221823	10221856	579.1
chr13	10221861	10222540	579.1
chr13	10222545	10222658	579.1
chr13	10222663	10223038	579.1
chr13	10223043	10223210	579.1
chr13	10223215	10223969	579.1
chr13	10223974	10224196	579.1
chr13	10224201	10225470	579.1
chr13	10225475	10225611	579.1
chr13	10225616	10225664	579.1
chr13	10225669	10226347	579.1
chr13	10226352	10226403	579.1
chr13	10226408	10226536	579.1
chr13	10226541	10226572	579.1
chr13	10226577	10226813	579.1
chr13	10226818	10227408	579.1
chr13	10227413	10227618	257.633333333
chr13	10227623	10227761	257.633333333
chr13	10227766	10227801	257.633333333
chr13	10227806	10228109	257.633333333
chr13	10228114	10228157	257.633333333
chr13	10228162	10228200	257.633333333
chr13	10228205	10228415	257.633333333
chr13	10228420	10228615	0.0
chr13	10228620	10229464	0.0
chr13	10229469	10230190	0.0
chr13	10230195	10230597	0.0
chr13	10230602	10231145	0.0
chr13	10231150	10231818	0.0
chr13	10231823	10231834	0.0
chr13	10231844	10231863	0.0
chr13	10231873	10231880	0.0
chr13	10231885	10232592	0.0
chr13	10232597	10232683	0.0
chr13	10232688	10232897	0.0
chr13	10232902	10233597	0.0
chr13	10233602	10233635	0.0
chr13	10233640	10234107	0.0
chr13	10234112	10234113	0.0
chr13	10234118	10234213	0.0
chr13	10234218	10234294	0.0
chr13	10234299	10235138	0.0
chr13	10235143	10235582	0.0
chr13	10235587	10237209	0.0
chr13	10237214	10237366	0.0
chr13	10237371	10237381	0.0
chr13	10237386	10237447	0.0
chr13	10237452	10239124	0.0
chr13	10239129	10239307	0.0
chr13	10239312	10239563	0.0
chr13	10239568	10240804	0.0
chr13	10240809	10240930	0.0
chr13	10240935	10241661	0.0
chr13	10241666	10242362	0.0
chr13	10242367	10243008	0.0
chr13	10243013	10243200	0.133333333333
chr13	10243205	10243280	0.133333333333
chr13	10243285	10243578	0.133333333333
chr13	10243583	10243689	0.133333333333
chr13	10243694	10244249	0.133333333333
chr13	10244254	10245501	0.133333333333
chr13	10245506	10246463	0.133333333333
chr13	10246468	10247620	0.133333333333
chr13	10247625	10248810	0.133333333333
chr13	10248815	10248833	0.133333333333
chr13	10248838	10248847	0.133333333333
chr13	10248852	10249304	0.133333333333
chr13	10249309	10249443	0.133333333333
chr13	10249448	10249530	0.133333333333
chr13	10249535	10250137	0.133333333333
chr13	10250142	10251840	0.133333333333
chr13	10251845	10252562	0.133333333333
chr13	10252567	10252601	0.133333333333
chr13	10252606	10253185	0.133333333333
chr13	10253190	10253235	0.133333333333
chr13	10253240	10254144	0.133333333333
chr13	10254149	10254325	0.133333333333
chr13	10254330	10254464	0.133333333333
chr13	10254469	10254512	0.133333333333
chr13	10254517	10254669	0.133333333333
chr13	10254674	10255349	0.133333333333
chr13	10255354	10255545	0.133333333333
chr13	10255550	10255685	0.133333333333
chr13	10255690	10256150	0.133333333333
chr13	10256155	10256199	0.133333333333
chr13	10256204	10256305	0.0
chr13	10256310	10256599	861.966666667
chr13	10256604	10256737	861.966666667
chr13	10256742	10256852	861.966666667
chr13	10256857	10257260	861.966666667
chr13	10257265	10257368	861.966666667
chr13	10257373	10258823	861.966666667
chr13	10258828	10259587	861.966666667
chr13	10259592	10259668	861.966666667
chr13	10259673	10259731	861.966666667
chr13	10259736	10259831	861.966666667
chr13	10259836	10260028	861.966666667
chr13	10260033	10261549	861.966666667
chr13	10261554	10261568	861.966666667
chr13	10261573	10261747	861.966666667
chr13	10261752	10261764	861.966666667
chr13	10261769	10262086	861.966666667
chr13	10262091	10263067	861.966666667
chr13	10263072	10263356	861.966666667
chr13	10263361	10263589	861.966666667
chr13	10263594	10263817	861.966666667
chr13	10263822	10264239	861.966666667
chr13	10264244	10264301	861.966666667
chr13	10264306	10264665	861.966666667
chr13	10264670	10265237	861.966666667
chr13	10265242	10265821	861.966666667
chr13	10265826	10266233	861.966666667
chr13	10266238	10266836	861.966666667
chr13	10266841	10267262	861.966666667
chr13	10267267	10268047	861.966666667
chr13	10268052	10268231	861.966666667
chr13	10268236	10268354	0.0
chr13	10268364	10268430	0.0
chr13	10268435	10268577	0.0
chr13	10268582	10269005	0.0
chr13	10269010	10269366	0.0
chr13	10269371	10269885	0.0
chr13	10269890	10270529	0.0
chr13	10270534	10270833	0.0
chr13	10270838	10270845	0.0
chr13	10270850	10270855	0.0
chr13	10270860	10270985	0.0
chr13	10270990	10271181	0.0
chr13	10271186	10271218	0.0
chr13	10271223	10271394	0.0
chr13	10271399	10271651	0.0
chr13	10271656	10271714	0.0
chr13	10271719	10272689	0.0
chr13	10272699	10272736	0.0
chr13	10272741	10272913	0.0
chr13	10272918	10273151	0.0
chr13	10273156	10273526	0.0
chr13	10273531	10273626	143.1
chr13	10273631	10275408	143.1
chr13	10275413	10275416	143.1
chr13	10275421	10275767	143.1
chr13	10275772	10276134	143.1
chr13	10276139	10276427	143.1
chr13	10276432	10276490	143.1
chr13	10276495	10276781	143.1
chr13	10276786	10276900	143.1
chr13	10276905	10277171	143.1
chr13	10277176	10277183	143.1
chr13	10277188	10277195	143.1
chr13	10277200	10277653	143.1
chr13	10277658	10277988	143.1
chr13	10277993	10278256	143.1
chr13	10278261	10279234	143.1
chr13	10279239	10279381	143.1
chr13	10279386	10280118	1728.66666667
chr13	10280123	10280136	1728.66666667
chr13	10280141	10280258	1728.66666667
chr13	10280263	10280823	1728.66666667
chr13	10280828	10281157	1728.66666667
chr13	10281162	10281579	1728.66666667
chr13	10281584	10281807	1728.66666667
chr13	10281812	10282333	1728.66666667
chr13	10282338	10282740	1728.66666667
chr13	10282745	10283891	1728.66666667
chr13	10283896	10284030	1728.66666667
chr13	10284035	10284701	1728.66666667
chr13	10284706	10285254	1728.66666667
chr13	10285259	10286378	1585.56666667
chr13	10286383	10287419	1585.56666667
chr13	10287424	10287871	1585.56666667
chr13	10287876	10288054	1585.56666667
chr13	10288059	10288900	1585.56666667
chr13	10288905	10289185	1585.56666667
chr13	10289190	10289272	1585.56666667
chr13	10289277	10289329	1585.56666667
chr13	10289334	10289990	1585.56666667
chr13	10289995	10290414	1585.56666667
chr13	10290419	10291210	1585.56666667
chr13	10291215	10291575	1585.56666667
chr13	10291580	10291645	1585.56666667
chr13	10291650	10292250	1585.56666667
chr13	10292255	10292959	1585.56666667
chr13	10292964	10293079	1585.56666667
chr13	10293084	10293524	1585.56666667
chr13	10293529	10294357	0.0
chr13	10294362	10296139	0.0
chr13	10296144	10297882	0.0
chr13	10297887	10298218	0.0
chr13	10298223	10298492	0.0
chr13	10298497	10299546	0.0
chr13	10299551	10299566	0.0
chr13	10299571	10299699	0.0
chr13	10299704	10299765	0.0
chr13	10299770	10300795	0.0
chr13	10300800	10300803	0.0
chr13	10300808	10300988	1041.03333333
chr13	10300993	10301681	1041.03333333
chr13	10301686	10303296	1041.03333333
chr13	10303301	10303736	1041.03333333
chr13	10303741	10303762	1041.03333333
chr13	10303767	10303795	1041.03333333
chr13	10303800	10303812	1041.03333333
chr13	10303817	10304170	1041.03333333
chr13	10304175	10304365	1041.03333333
chr13	10304370	10304417	1041.03333333
chr13	10304422	10305631	1041.03333333
chr13	10305636	10305907	1041.03333333
chr13	10305912	10306794	1041.03333333
chr13	10306799	10306823	1041.03333333
chr13	10306828	10307045	1041.03333333
chr13	10307050	10307140	1041.03333333
chr13	10307145	10308361	1041.03333333
chr13	10308366	10308444	1041.03333333
chr13	10308449	10308492	1041.03333333
chr13	10308497	10308570	1041.03333333
chr13	10308575	10311246	1041.03333333
chr13	10311251	10311276	1041.03333333
chr13	10311281	10311630	1041.03333333
chr13	10311635	10311800	1041.03333333
chr13	10311805	10312083	1041.03333333
chr13	10312088	10312321	1041.03333333
chr13	10312326	10312419	1041.03333333
chr13	10312424	10312486	1041.03333333
chr13	10312491	10312569	1041.03333333
chr13	10312574	10312667	1041.03333333
chr13	10312672	10313238	0.0
chr13	10313243	10314324	0.0
chr13	10314329	10314399	0.0
chr13	10314404	10314447	0.0
chr13	10314452	10314477	0.0
chr13	10314482	10314555	0.0
chr13	10314560	10314849	0.0
chr13	10314854	10314915	0.0
chr13	10314920	10314930	0.0
chr13	10314935	10315353	0.0
chr13	10315358	10315632	0.0
chr13	10315637	10315810	0.0
chr13	10315815	10317008	0.0
chr13	10317013	10317703	0.0
chr13	10317708	10320598	0.0
chr13	10320603	10321185	0.0
chr13	10321190	10321441	0.0
chr13	10321446	10321620	0.0
chr13	10321625	10321961	0.0
chr13	10321966	10322153	0.0
chr13	10322158	10322297	0.0
chr13	10322302	10322974	0.0
chr13	10322979	10323293	0.0
chr13	10323298	10323567	0.0
chr13	10323572	10323883	0.0
chr13	10323888	10324064	0.0
chr13	10324069	10324362	0.0
chr13	10324367	10324505	0.0
chr13	10324510	10324626	0.0
chr13	10324631	10324952	0.0
chr13	10324957	10325145	0.0
chr13	10325150	10325183	0.0
chr13	10325188	10325322	0.0
chr13	10325327	10325604	0.0
chr13	10325609	10326268	0.0
chr13	10326273	10330247	0.0
chr13	10330252	10331351	0.0
chr13	10331356	10331618	0.0
chr13	10331623	10331748	0.0
chr13	10331753	10332003	0.0
chr13	10332008	10332980	0.0
chr13	10332985	10333520	0.0
chr13	10333525	10334400	0.0
chr13	10334405	10334428	0.0
chr13	10334433	10334663	22.4
chr13	10334668	10334717	22.4
chr13	10334722	10334803	22.4
chr13	10334808	10335654	22.4
chr13	10335659	10335697	22.4
chr13	10335702	10335723	22.4
chr13	10335728	10336151	22.4
chr13	10336156	10336567	22.4
chr13	10336572	10336735	22.4
chr13	10336740	10336909	22.4
chr13	10336914	10338276	22.4
chr13	10338281	10338350	22.4
chr13	10338355	10338833	22.4
chr13	10338838	10339553	22.4
chr13	10339558	10340836	22.4
chr13	10340841	10341381	22.4
chr13	10341386	10341449	22.4
chr13	10341454	10341733	22.4
chr13	10341738	10341867	22.4
chr13	10341872	10342563	22.4
chr13	10342568	10342697	22.4
chr13	10342702	10342946	22.4
chr13	10342951	10343239	22.4
chr13	10343244	10343740	22.4
chr13	10343745	10345619	22.4
chr13	10345624	10346719	22.4
chr13	10346724	10348226	22.4
chr13	10348231	10348646	22.4
chr13	10348651	10348744	22.4
chr13	10348749	10348767	22.4
chr13	10348772	10348785	0.0
chr13	10348790	10349028	0.0
chr13	10349033	10349395	0.0
chr13	10349400	10349466	0.0
chr13	10349471	10349653	0.0
chr13	10349658	10349668	0.0
chr13	10349673	10350459	0.0
chr13	10350464	10351609	0.0
chr13	10351614	10351623	0.0
chr13	10351628	10351775	0.0
chr13	10351780	10351959	0.0
chr13	10351964	10352025	0.0
chr13	10352030	10353163	0.0
chr13	10353168	10353233	0.0
chr13	10353238	10353330	0.0
chr13	10353335	10353619	0.0
chr13	10353624	10353670	0.0
chr13	10353675	10354522	0.0
chr13	10354527	10355761	0.0
chr13	10355766	10355796	0.0
chr13	10355801	10355845	0.0
chr13	10355850	10356098	0.0
chr13	10356103	10356196	0.0
chr13	10356201	10356220	0.0
chr13	10356225	10357280	0.0
chr13	10357285	10357458	0.0
chr13	10357463	10357556	0.0
chr13	10357561	10357730	0.0
chr13	10357735	10357858	0.0
chr13	10357863	10357919	461.5
chr13	10357924	10358299	461.5
chr13	10358304	10358969	461.5
chr13	10358974	10359389	461.5
chr13	10359394	10359864	461.5
chr13	10359869	10359879	461.5
chr13	10359884	10361643	461.5
chr13	10361652	10362213	461.5
chr13	10362218	10363149	461.5
chr13	10363154	10363410	461.5
chr13	10363415	10363424	461.5
chr13	10363429	10363452	461.5
chr13	10363457	10364026	461.5
chr13	10364031	10364685	461.5
chr13	10364690	10364886	461.5
chr13	10364891	10365562	461.5
chr13	10365567	10367304	461.5
chr13	10367309	10367468	461.5
chr13	10367473	10368468	461.5
chr13	10368473	10368696	461.5
chr13	10368701	10370824	461.5
chr13	10370829	10371519	461.5
chr13	10371524	10371628	461.5
chr13	10371633	10371686	813.933333333
chr13	10371691	10373407	813.933333333
chr13	10373412	10373836	813.933333333
chr13	10373841	10374885	813.933333333
chr13	10374890	10375198	813.933333333
chr13	10375203	10375613	813.933333333
chr13	10375618	10376275	813.933333333
chr13	10376280	10376464	352.433333333
chr13	10376469	10378091	352.8
chr13	10378096	10378376	352.8
chr13	10378381	10378760	352.8
chr13	10378765	10379436	352.8
chr13	10379441	10379650	352.8
chr13	10379655	10379739	352.8
chr13	10379744	10380149	352.8
chr13	10380154	10380505	352.8
chr13	10380510	10380845	352.8
chr13	10380850	10380871	352.8
chr13	10380876	10380961	352.8
chr13	10380966	10382684	352.8
chr13	10382689	10383362	352.8
chr13	10383367	10384001	352.8
chr13	10384006	10384703	352.8
chr13	10384708	10384930	352.8
chr13	10384935	10385273	352.8
chr13	10385278	10385300	352.8
chr13	10385305	10385465	352.8
chr13	10385470	10385914	352.8
chr13	10385919	10386107	352.8
chr13	10386112	10386746	352.8
chr13	10386751	10387027	0.366666666667
chr13	10387032	10387426	0.366666666667
chr13	10387431	10388064	0.366666666667
chr13	10388069	10388234	0.366666666667
chr13	10388239	10388437	0.366666666667
chr13	10388442	10389776	0.366666666667
chr13	10389781	10390344	0.366666666667
chr13	10390349	10391723	0.366666666667
chr13	10391728	10391767	0.0
chr13	10391772	10392770	0.0
chr13	10392775	10392976	0.0
chr13	10392981	10393234	0.0
chr13	10393239	10394209	0.0
chr13	10394214	10396039	0.0
chr13	10396044	10396173	0.0
chr13	10396178	10398890	0.0
chr13	10398895	10399224	0.0
chr13	10399229	10399250	0.0
chr13	10399255	10399813	24.7666666667
chr13	10399818	10399838	24.7666666667
chr13	10399843	10399888	24.7666666667
chr13	10399893	10399914	24.7666666667
chr13	10399919	10400260	24.7666666667
chr13	10400270	10401554	24.7666666667
chr13	10401559	10403680	24.7666666667
chr13	10403685	10403977	24.7666666667
chr13	10403982	10405640	24.7666666667
chr13	10405645	10406173	24.7666666667
chr13	10406178	10406682	24.7666666667
chr13	10406687	10408197	24.7666666667
chr13	10408202	10408858	24.7666666667
chr13	10408863	10408934	24.7666666667
chr13	10408939	10409217	24.7666666667
chr13	10409222	10410478	24.7666666667
chr13	10410483	10410490	24.7666666667
chr13	10410495	10410994	24.7666666667
chr13	10410999	10413295	24.7666666667
chr13	10413300	10413532	24.7666666667
chr13	10413537	10413781	24.7666666667
chr13	10413786	10414027	24.7666666667
chr13	10414032	10414118	24.7666666667
chr13	10414123	10414194	24.7666666667
chr13	10414199	10414340	24.7666666667
chr13	10414345	10414668	24.7666666667
chr13	10414673	10415681	24.7666666667
chr13	10415686	10416186	24.7666666667
chr13	10416191	10416225	24.7666666667
chr13	10416230	10416482	24.7666666667
chr13	10416487	10417220	0.0
chr13	10417225	10417476	0.0
chr13	10417481	10417764	0.0
chr13	10417769	10418066	1.26666666667
chr13	10418071	10418685	1.26666666667
chr13	10418690	10418805	1.26666666667
chr13	10418810	10418855	1.26666666667
chr13	10418860	10419490	1.26666666667
chr13	10419495	10419974	1.26666666667
chr13	10419979	10421158	1.26666666667
chr13	10421163	10422378	1.26666666667
chr13	10422383	10422953	1.26666666667
chr13	10422958	10423235	1.26666666667
chr13	10423240	10424145	1.26666666667
chr13	10424150	10425167	1.26666666667
chr13	10425172	10425912	1.26666666667
chr13	10425917	10426186	1.26666666667
chr13	10426191	10426653	1.26666666667
chr13	10426658	10427124	1.26666666667
chr13	10427129	10427202	1.26666666667
chr13	10427207	10427411	1.26666666667
chr13	10427416	10427421	1.26666666667
chr13	10427426	10427436	1.26666666667
chr13	10427441	10427570	1.26666666667
chr13	10427575	10427581	1.26666666667
chr13	10427586	10428121	1.26666666667
chr13	10428126	10428437	1.26666666667
chr13	10428442	10428769	1.26666666667
chr13	10428774	10429393	1.26666666667
chr13	10429398	10429471	1.26666666667
chr13	10429476	10429598	1.26666666667
chr13	10429603	10430221	1.26666666667
chr13	10430226	10430473	1.26666666667
chr13	10430478	10431422	0.0
chr13	10431427	10431611	0.0
chr13	10431616	10433197	0.0
chr13	10433202	10433327	0.0
chr13	10433332	10433762	0.0
chr13	10433767	10434361	0.0
chr13	10434366	10434824	0.0
chr13	10434829	10435223	0.0
chr13	10435228	10435944	0.0
chr13	10435949	10437130	0.0
chr13	10437135	10437562	0.0
chr13	10437567	10437861	0.0
chr13	10437866	10438093	0.0
chr13	10438098	10439456	0.0
chr13	10439461	10439824	0.0
chr13	10439829	10439868	0.0
chr13	10439873	10440061	0.0
chr13	10440066	10441096	0.0
chr13	10441101	10442640	0.0
chr13	10442645	10443385	0.0
chr13	10443390	10443412	0.0
chr13	10443417	10443716	0.0
chr13	10443721	10444042	0.0
chr13	10444047	10444112	0.0
chr13	10444117	10444173	0.0
chr13	10444178	10444388	0.0
chr13	10444393	10445745	0.0
chr13	10445750	10446219	0.0
chr13	10446224	10446330	1267.6
chr13	10446335	10446852	1267.6
chr13	10446857	10447291	1267.6
chr13	10447296	10447590	1267.6
chr13	10447595	10447960	1267.6
chr13	10447965	10447969	1267.6
chr13	10447974	10448100	1267.6
chr13	10448105	10448659	1267.6
chr13	10448664	10450809	1267.6
chr13	10450814	10451447	1267.6
chr13	10451452	10451536	1267.6
chr13	10451541	10451781	1267.6
chr13	10451786	10452125	1267.6
chr13	10452130	10452254	1267.6
chr13	10452259	10452776	1267.6
chr13	10452781	10453444	1267.6
chr13	10453449	10454860	1267.6
chr13	10454865	10455153	1267.6
chr13	10455158	10455326	1267.6
chr13	10455331	10455512	1267.6
chr13	10455517	10456024	1267.6
chr13	10456029	10456056	1267.6
chr13	10456061	10456660	1267.6
chr13	10456665	10457030	1267.6
chr13	10457035	10457105	1267.6
chr13	10457110	10457257	1267.6
chr13	10457262	10458242	1267.6
chr13	10458247	10458407	1267.6
chr13	10458412	10458434	1267.6
chr13	10458439	10459241	1267.6
chr13	10459246	10459325	0.0
chr13	10459330	10460096	0.0
chr13	10460101	10461167	0.0
chr13	10461172	10461570	0.0
chr13	10461575	10461678	0.0
chr13	10461683	10461850	0.0
chr13	10461855	10461986	0.0
chr13	10461991	10463135	0.0
chr13	10463140	10463670	0.0
chr13	10463679	10464096	0.0
chr13	10464101	10464961	0.0
chr13	10464966	10466138	0.0
chr13	10466143	10466286	0.0
chr13	10466291	10466321	0.0
chr13	10466326	10466784	0.0
chr13	10466789	10466810	0.0
chr13	10466815	10466881	0.0
chr13	10466886	10466888	0.0
chr13	10466893	10466907	0.0
chr13	10466912	10466914	0.0
chr13	10466919	10466948	0.0
chr13	10466953	10466961	0.0
chr13	10466966	10467509	0.0
chr13	10467514	10468002	0.0
chr13	10468007	10469336	0.0
chr13	10469341	10469971	0.0
chr13	10469976	10470093	0.0
chr13	10470098	10470573	0.0
chr13	10470578	10470667	0.0
chr13	10470672	10471301	0.0
chr13	10471306	10472134	0.0
chr13	10472139	10472219	0.0
chr13	10472224	10472402	0.0
chr13	10472407	10475012	0.0
chr13	10475017	10475748	0.0
chr13	10475753	10476151	0.0
chr13	10476156	10476313	0.0
chr13	10476318	10476506	0.0
chr13	10476511	10476538	0.0
chr13	10476543	10476566	0.0
chr13	10476571	10477332	0.0
chr13	10477337	10478195	0.0
chr13	10478200	10478476	0.0
chr13	10478481	10478832	0.0
chr13	10478837	10478941	0.0
chr13	10478946	10479201	0.0
chr13	10479206	10479207	0.0
chr13	10479212	10479990	0.0
chr13	10479995	10480610	0.0
chr13	10480615	10480780	0.0
chr13	10480785	10481288	0.0
chr13	10481293	10481359	0.0
chr13	10481364	10482695	0.0
chr13	10482700	10483461	0.0
chr13	10483466	10484412	0.0
chr13	10484417	10484632	0.0
chr13	10484637	10484743	0.0
chr13	10484748	10485451	0.0
chr13	10485456	10486911	0.0
chr13	10486916	10486932	0.0
chr13	10486937	10487000	0.0
chr13	10487005	10487541	0.0
chr13	10487546	10488007	0.0
chr13	10488012	10488503	0.0
chr13	10488508	10489452	0.0
chr13	10489457	10490559	0.0
chr13	10490564	10491386	0.0
chr13	10491391	10491540	0.0
chr13	10491545	10491801	0.0
chr13	10491806	10492111	0.0
chr13	10492116	10492262	0.0
chr13	10492267	10493120	0.0
chr13	10493125	10493994	0.0
chr13	10493999	10494724	0.0
chr13	10494729	10494778	0.0
chr13	10494783	10495624	0.0
chr13	10495629	10496838	0.0
chr13	10496843	10497339	0.0
chr13	10497344	10497584	0.0
chr13	10497589	10497715	0.0
chr13	10497720	10498062	0.0
chr13	10498067	10498189	0.0
chr13	10498194	10499012	260.7
chr13	10499017	10499034	1500.9
chr13	10499039	10499102	1500.9
chr13	10499107	10499534	1500.9
chr13	10499539	10499757	1500.9
chr13	10499762	10499873	1500.9
chr13	10499878	10499886	1500.9
chr13	10499891	10499953	1500.9
chr13	10499958	10500318	1500.9
