chr13	9179795	9180244	54.7166666667
chr13	9180245	9181109	54.7166666667
chr13	9181110	9181530	54.7166666667
chr13	9181531	9182106	54.7166666667
chr13	9182107	9183015	56.45
chr13	9183016	9183081	60.1666666667
chr13	9183082	9183245	77.3833333333
chr13	9183246	9183269	103.35
chr13	9183270	9183360	107.466666667
chr13	9183361	9183427	107.466666667
chr13	9183428	9183519	112.966666667
chr13	9183520	9184240	132.6
chr13	9184241	9184547	132.666666667
chr13	9184548	9184646	132.733333333
chr13	9184647	9185384	132.733333333
chr13	9185385	9186143	132.733333333
chr13	9186144	9186422	132.733333333
chr13	9186423	9186434	132.733333333
chr13	9186435	9186590	144.3
chr13	9186591	9186713	155.85
chr13	9186714	9188079	155.85
chr13	9188080	9188964	172.25
chr13	9188965	9190078	180.666666667
chr13	9190079	9190122	180.933333333
chr13	9190123	9190172	180.933333333
chr13	9190173	9190230	180.933333333
chr13	9190231	9190997	180.933333333
chr13	9190998	9191016	180.933333333
chr13	9191017	9191189	180.933333333
chr13	9191190	9191226	144.6
chr13	9191227	9191357	128.05
chr13	9191358	9191702	128.283333333
chr13	9191703	9191829	128.65
chr13	9191830	9192153	130.25
chr13	9192154	9192469	128.516666667
chr13	9192470	9192654	124.8
chr13	9192655	9193130	107.583333333
chr13	9193131	9193413	81.6166666667
chr13	9193414	9193751	77.4833333333
chr13	9193752	9193889	77.4833333333
chr13	9193890	9193906	71.9833333333
chr13	9193907	9193958	52.35
chr13	9193959	9194067	52.2833333333
chr13	9194068	9194232	52.2166666667
chr13	9194233	9194312	52.2166666667
chr13	9194313	9194766	52.2166666667
chr13	9194767	9194829	52.2166666667
chr13	9194830	9195107	52.2166666667
chr13	9195108	9195801	40.65
chr13	9195802	9195819	29.1
chr13	9195820	9195994	29.1
chr13	9195995	9197337	16.1333333333
chr13	9197338	9197460	12.55
chr13	9197461	9197894	15.95
chr13	9197895	9198480	15.95
chr13	9198481	9198487	21.35
chr13	9198488	9198502	29.3833333333
chr13	9198503	9198592	35.3833333333
chr13	9198593	9198613	47.2166666667
chr13	9198614	9198737	47.0833333333
chr13	9198738	9200821	48.5666666667
chr13	9200822	9200908	50.3333333333
chr13	9200909	9201537	49.9666666667
chr13	9201538	9202346	48.3666666667
chr13	9202347	9202955	48.3666666667
chr13	9202956	9203209	61.3
chr13	9203210	9204219	67.7666666667
chr13	9204220	9204516	67.7666666667
chr13	9204517	9207177	67.7666666667
chr13	9207178	9207274	67.7666666667
chr13	9207275	9207347	73.2833333333
chr13	9207348	9208683	80.5166666667
chr13	9208684	9208916	80.5166666667
chr13	9208917	9209651	80.5166666667
chr13	9209652	9209831	80.5166666667
chr13	9209832	9210059	80.7166666667
chr13	9210060	9211075	80.85
chr13	9211076	9211846	82.3166666667
chr13	9211847	9212677	84.3833333333
chr13	9212678	9213576	84.3833333333
chr13	9213577	9213873	84.3833333333
chr13	9213874	9214770	80.95
chr13	9214771	9214868	76.1166666667
chr13	9214869	9215031	72.5166666667
chr13	9215032	9215171	72.95
chr13	9215172	9216317	67.55
chr13	9216318	9216502	68.0833333333
chr13	9216503	9216511	89.75
chr13	9216512	9216614	93.8166666667
chr13	9216615	9216781	106.983333333
chr13	9216782	9217014	112.45
chr13	9217015	9218063	116.733333333
chr13	9218064	9218248	121.133333333
chr13	9218249	9218715	181.333333333
chr13	9218716	9218730	252.966666667
chr13	9218731	9218741	262.1
chr13	9218742	9218773	271.966666667
chr13	9218774	9218782	290.016666667
chr13	9218783	9219361	300.216666667
chr13	9219362	9220243	300.283333333
chr13	9220244	9220318	298.166666667
chr13	9220319	9220637	297.083333333
chr13	9220638	9221285	313.033333333
chr13	9221286	9221542	314.6
chr13	9221543	9221707	314.6
chr13	9221708	9221864	314.4
chr13	9221865	9222220	314.266666667
chr13	9222221	9222524	313.866666667
chr13	9222525	9222593	314.233333333
chr13	9222594	9223130	314.766666667
chr13	9223131	9223637	314.766666667
chr13	9223638	9224208	314.766666667
chr13	9224209	9224610	314.766666667
chr13	9224611	9224906	314.7
chr13	9224907	9225338	314.566666667
chr13	9225339	9225756	315.816666667
chr13	9225757	9226589	309.566666667
chr13	9226590	9227186	282.466666667
chr13	9227187	9227313	266.566666667
chr13	9227314	9227339	261.166666667
chr13	9227340	9227389	258.333333333
chr13	9227390	9227415	254.583333333
chr13	9227416	9227550	255.616666667
chr13	9227551	9230187	199.516666667
chr13	9230188	9230255	130.883333333
chr13	9230256	9230261	109.05
chr13	9230262	9230457	95.1166666667
chr13	9230458	9230461	80.5666666667
chr13	9230462	9230507	73.1666666667
chr13	9230508	9230754	77.9333333333
chr13	9230755	9230892	76.4833333333
chr13	9230893	9231747	70.4833333333
chr13	9231748	9231940	55.0666666667
chr13	9231941	9232008	53.5333333333
chr13	9232009	9232694	53.5333333333
chr13	9232695	9233347	53.5333333333
chr13	9233348	9233561	53.5333333333
chr13	9233562	9234349	52.4666666667
chr13	9234350	9234688	50.1
chr13	9234689	9234867	56.3833333333
chr13	9234868	9234972	60.75
chr13	9234973	9235242	60.75
chr13	9235243	9236443	60.75
chr13	9236444	9237722	60.75
chr13	9237723	9237928	60.45
chr13	9237929	9238525	59.2
chr13	9238526	9239585	56.8833333333
chr13	9239586	9240940	57.2833333333
chr13	9240941	9242328	59.1833333333
chr13	9242329	9242663	53.8666666667
chr13	9242664	9243079	48.0666666667
chr13	9243080	9243257	45.5333333333
chr13	9243258	9243431	40.1
chr13	9243432	9244540	36.0
chr13	9244541	9245333	33.7333333333
chr13	9245334	9245645	34.3333333333
chr13	9245646	9246612	32.1333333333
chr13	9246613	9247674	33.4333333333
chr13	9247675	9247742	37.8166666667
chr13	9247743	9247787	32.9833333333
chr13	9247788	9248410	31.0333333333
chr13	9248411	9248523	30.8833333333
chr13	9248524	9248591	30.35
chr13	9248592	9248616	30.3166666667
chr13	9248617	9249556	33.35
chr13	9249557	9249584	36.8166666667
chr13	9249585	9249630	41.35
chr13	9249631	9249847	43.0166666667
chr13	9249848	9249854	42.95
chr13	9249855	9249934	43.3
chr13	9249935	9250014	40.0333333333
chr13	9250015	9250986	40.0333333333
chr13	9250987	9251966	40.0333333333
chr13	9251967	9252570	40.0333333333
chr13	9252571	9252651	40.0333333333
chr13	9252652	9252825	48.8
chr13	9252826	9253519	53.1833333333
chr13	9253520	9253746	52.2166666667
chr13	9253747	9253961	50.3166666667
chr13	9253962	9254898	47.8666666667
chr13	9254899	9255358	47.8666666667
chr13	9255359	9255412	47.8666666667
chr13	9255413	9255985	53.6666666667
chr13	9255986	9255998	58.0
chr13	9255999	9256918	57.3333333333
chr13	9256919	9256957	86.6166666667
chr13	9256958	9257377	117.483333333
chr13	9257378	9257759	165.25
chr13	9257760	9257890	204.55
chr13	9257891	9258592	204.616666667
chr13	9258593	9258666	207.033333333
chr13	9258667	9258838	207.266666667
chr13	9258839	9259212	207.3
chr13	9259213	9259397	207.3
chr13	9259398	9259646	204.266666667
chr13	9259647	9259653	200.8
chr13	9259654	9259796	241.833333333
chr13	9259797	9259920	265.283333333
chr13	9259921	9260810	266.183333333
chr13	9260811	9260999	259.016666667
chr13	9261000	9262341	257.916666667
chr13	9262342	9262574	271.05
chr13	9262575	9263990	279.366666667
chr13	9263991	9265722	279.433333333
chr13	9265723	9265831	279.566666667
chr13	9265832	9266158	270.8
chr13	9266159	9266369	266.416666667
chr13	9266370	9266596	266.416666667
chr13	9266597	9266773	282.883333333
chr13	9266774	9267111	305.516666667
chr13	9267112	9267510	311.483333333
chr13	9267511	9268717	326.383333333
chr13	9268718	9269034	340.416666667
chr13	9269035	9269325	338.316666667
chr13	9269326	9269388	340.283333333
chr13	9269389	9269987	357.533333333
chr13	9269988	9270113	349.9
chr13	9270114	9270446	298.516666667
chr13	9270447	9271672	252.3
chr13	9271673	9271704	252.233333333
chr13	9271705	9271745	249.816666667
chr13	9271746	9271760	249.583333333
chr13	9271761	9271903	261.216666667
chr13	9271904	9272078	297.483333333
chr13	9272079	9272722	319.55
chr13	9272723	9272748	320.55
chr13	9272749	9273502	301.883333333
chr13	9273503	9275015	287.4
chr13	9275016	9275601	310.016666667
chr13	9275602	9275918	333.75
chr13	9275919	9276756	351.4
chr13	9276757	9277507	338.3
chr13	9277508	9277776	329.983333333
chr13	9277777	9278478	329.916666667
chr13	9278479	9278482	350.816666667
chr13	9278483	9278582	371.85
chr13	9278583	9278623	371.85
chr13	9278624	9278763	371.883333333
chr13	9278764	9278855	355.45
chr13	9278856	9279275	337.083333333
chr13	9279276	9279451	333.266666667
chr13	9279452	9280125	320.516666667
chr13	9280126	9281240	302.25
chr13	9281241	9282246	300.016666667
chr13	9282247	9283554	302.916666667
chr13	9283555	9286216	267.483333333
chr13	9286217	9286608	244.183333333
chr13	9286609	9287283	243.0
chr13	9287284	9287568	242.733333333
chr13	9287569	9288080	246.066666667
chr13	9288081	9288367	264.15
chr13	9288368	9288452	281.1
chr13	9288453	9289096	283.116666667
chr13	9289097	9289934	264.783333333
chr13	9289935	9290376	251.333333333
chr13	9290377	9291113	250.366666667
chr13	9291114	9291783	223.466666667
chr13	9291784	9292287	212.833333333
chr13	9292288	9292429	189.316666667
chr13	9292430	9292638	170.65
chr13	9292639	9293849	173.45
chr13	9293850	9294434	190.783333333
chr13	9294435	9294569	190.816666667
chr13	9294570	9294805	190.816666667
chr13	9294806	9295081	169.783333333
chr13	9295082	9295628	148.75
chr13	9295629	9296097	148.75
chr13	9296098	9296296	152.716666667
chr13	9296297	9296381	164.7
chr13	9296382	9297003	166.85
chr13	9297004	9297154	165.033333333
chr13	9297155	9297189	165.016666667
chr13	9297190	9297983	175.85
chr13	9297984	9298045	221.066666667
chr13	9298046	9298865	216.533333333
chr13	9298866	9300118	207.466666667
chr13	9300119	9300660	256.633333333
chr13	9300661	9300818	308.483333333
chr13	9300819	9300850	325.35
chr13	9300851	9301532	330.45
chr13	9301533	9302948	313.566666667
chr13	9302949	9303072	296.65
chr13	9303073	9303250	283.0
chr13	9303251	9304107	265.066666667
chr13	9304108	9304247	256.45
chr13	9304248	9304655	263.783333333
chr13	9304656	9304834	267.75
chr13	9304835	9305183	267.75
chr13	9305184	9306306	267.883333333
chr13	9306307	9306323	263.283333333
chr13	9306324	9306584	243.5
chr13	9306585	9306710	226.15
chr13	9306711	9307777	226.7
chr13	9307778	9307799	226.7
chr13	9307800	9309043	226.7
chr13	9309044	9309682	226.7
chr13	9309683	9312020	226.866666667
chr13	9312021	9312238	222.866666667
chr13	9312239	9314929	210.85
chr13	9314930	9316072	204.433333333
chr13	9316073	9317079	235.966666667
chr13	9317080	9317344	251.666666667
chr13	9317345	9317417	241.933333333
chr13	9317418	9317461	196.95
chr13	9317462	9319454	196.566666667
chr13	9319455	9319865	210.8
chr13	9319866	9320571	178.566666667
chr13	9320572	9320889	126.716666667
chr13	9320890	9321761	141.583333333
chr13	9321762	9322105	217.716666667
chr13	9322106	9322145	283.866666667
chr13	9322146	9322603	286.166666667
chr13	9322604	9323423	288.166666667
chr13	9323424	9324410	290.733333333
chr13	9324411	9324448	311.85
chr13	9324449	9324505	304.816666667
chr13	9324506	9325097	324.316666667
chr13	9325098	9325357	336.066666667
chr13	9325358	9326137	335.933333333
chr13	9326138	9328385	335.466666667
chr13	9328386	9328467	335.466666667
chr13	9328468	9328897	335.783333333
chr13	9328898	9329146	335.4
chr13	9329147	9329617	335.7
chr13	9329618	9330087	336.033333333
chr13	9330088	9330703	336.033333333
chr13	9330704	9330733	336.033333333
chr13	9330734	9331958	336.116666667
chr13	9331959	9332365	350.3
chr13	9332366	9332987	384.666666667
chr13	9332988	9333252	379.566666667
chr13	9333253	9333503	372.566666667
chr13	9333504	9333972	374.966666667
chr13	9333973	9334071	377.966666667
chr13	9334072	9334130	389.766666667
chr13	9334131	9334278	378.833333333
chr13	9334279	9335375	442.966666667
chr13	9335376	9336010	485.866666667
chr13	9336011	9336502	454.366666667
chr13	9336503	9336640	370.65
chr13	9336641	9336760	305.5
chr13	9336761	9337204	304.8
chr13	9337205	9337905	307.483333333
chr13	9337906	9338102	305.016666667
chr13	9338103	9339680	283.9
chr13	9339681	9340625	312.05
chr13	9340626	9340726	322.516666667
chr13	9340727	9342579	320.95
chr13	9342580	9342856	321.316666667
chr13	9342857	9343502	321.45
chr13	9343503	9343605	320.783333333
chr13	9343606	9344201	320.45
chr13	9344202	9346083	320.25
chr13	9346084	9346266	319.95
chr13	9346267	9347139	339.016666667
chr13	9347140	9348179	348.516666667
chr13	9348180	9348384	354.466666667
chr13	9348385	9348538	355.85
chr13	9348539	9349531	352.55
chr13	9349532	9349677	336.783333333
chr13	9349678	9350443	310.183333333
chr13	9350444	9350668	299.35
chr13	9350669	9351424	294.283333333
chr13	9351425	9351724	294.75
chr13	9351725	9353197	308.05
chr13	9353198	9353218	302.05
chr13	9353219	9353429	223.883333333
chr13	9353430	9353440	181.383333333
chr13	9353441	9353893	195.883333333
chr13	9353894	9354320	209.766666667
chr13	9354321	9354502	209.766666667
chr13	9354503	9355284	208.333333333
chr13	9355285	9355395	203.816666667
chr13	9355396	9356197	203.716666667
chr13	9356198	9356409	213.183333333
chr13	9356410	9356754	192.233333333
chr13	9356755	9357273	167.0
chr13	9357274	9357976	161.983333333
chr13	9357977	9358462	165.016666667
chr13	9358463	9359384	164.883333333
chr13	9359385	9360159	164.883333333
chr13	9360160	9362090	164.883333333
chr13	9362091	9363153	171.1
chr13	9363154	9363238	180.7
chr13	9363239	9363282	166.033333333
chr13	9363283	9364460	156.533333333
chr13	9364461	9364478	150.416666667
chr13	9364479	9364672	154.95
chr13	9364673	9364764	147.133333333
chr13	9364765	9365207	128.666666667
chr13	9365208	9368388	128.5
chr13	9368389	9369171	128.5
chr13	9369172	9369182	128.5
chr13	9369183	9369966	124.8
chr13	9369967	9370034	99.6833333333
chr13	9370035	9370141	100.116666667
chr13	9370142	9370317	97.6833333333
chr13	9370318	9371452	105.05
chr13	9371453	9372274	104.05
chr13	9372275	9374499	164.583333333
chr13	9583324	9583755	36.0833333333
chr13	9583756	9583980	41.1166666667
chr13	9583981	9584367	42.3666666667
chr13	9584368	9584529	42.4
chr13	9584530	9585484	48.7333333333
chr13	9585485	9587435	50.9333333333
chr13	9587436	9587440	55.5
chr13	9587441	9588269	58.5666666667
chr13	9588270	9588313	82.0333333333
chr13	9588314	9588491	82.0333333333
chr13	9588492	9589048	82.0333333333
chr13	9589049	9589340	94.8333333333
chr13	9589341	9589574	107.633333333
chr13	9589575	9589864	107.633333333
chr13	9589865	9590109	107.633333333
chr13	9590110	9590364	104.666666667
chr13	9590365	9590680	103.433333333
chr13	9590681	9591504	103.433333333
chr13	9591505	9592234	103.433333333
chr13	9592235	9592727	105.583333333
chr13	9592728	9592959	106.95
chr13	9592960	9593738	101.283333333
chr13	9593739	9593860	100.483333333
chr13	9593861	9594371	102.033333333
chr13	9594372	9594543	108.416666667
chr13	9594544	9594708	114.416666667
chr13	9594709	9594970	111.066666667
chr13	9594971	9595144	108.666666667
chr13	9595145	9595729	105.266666667
chr13	9595730	9595789	103.966666667
chr13	9595790	9596211	131.766666667
chr13	9596212	9596240	161.633333333
chr13	9596241	9596373	160.65
chr13	9596374	9596600	161.116666667
chr13	9596601	9597607	154.783333333
chr13	9597608	9599524	143.616666667
chr13	9599525	9599531	139.05
chr13	9599532	9599748	135.983333333
chr13	9599749	9601405	112.516666667
chr13	9601406	9602519	112.516666667
chr13	9602520	9602874	112.516666667
chr13	9602875	9603124	99.7166666667
chr13	9603125	9604337	86.9166666667
chr13	9604338	9604603	86.9166666667
chr13	9604604	9604720	86.9166666667
chr13	9604721	9605012	86.75
chr13	9605013	9605624	86.4166666667
chr13	9605625	9606953	91.4833333333
chr13	9606954	9607350	92.6833333333
chr13	9607351	9608689	113.483333333
chr13	9608690	9608711	109.616666667
chr13	9608712	9609043	109.616666667
chr13	9609044	9609200	106.983333333
chr13	9609201	9609467	109.0
chr13	9609468	9609528	104.433333333
chr13	9609529	9609717	138.966666667
chr13	9609718	9609787	173.083333333
chr13	9609788	9609968	187.566666667
chr13	9609969	9610928	187.566666667
chr13	9610929	9610967	187.3
chr13	9610968	9611087	159.5
chr13	9611088	9611156	124.55
chr13	9611157	9611969	124.283333333
chr13	9611970	9612084	123.783333333
chr13	9612085	9612540	123.783333333
chr13	9612541	9612969	123.783333333
chr13	9612970	9613013	123.783333333
chr13	9613014	9613062	126.833333333
chr13	9613063	9613297	129.366666667
chr13	9613298	9614944	129.416666667
chr13	9614945	9615598	129.916666667
chr13	9615599	9616815	129.916666667
chr13	9616816	9617053	129.916666667
chr13	9617054	9617174	130.766666667
chr13	9617175	9617199	136.416666667
chr13	9617200	9617380	137.633333333
chr13	9617381	9617652	138.666666667
chr13	9617653	9617765	137.0
chr13	9617766	9617783	142.2
chr13	9617784	9618113	119.6
chr13	9618114	9618171	119.6
chr13	9618172	9618260	131.916666667
chr13	9618261	9619359	136.75
chr13	9619360	9620463	137.383333333
chr13	9620464	9621395	143.383333333
chr13	9621396	9621737	102.85
chr13	9621738	9621816	109.6
chr13	9621817	9621905	130.883333333
chr13	9621906	9622745	169.816666667
chr13	9622746	9624110	190.516666667
chr13	9624111	9626880	190.516666667
chr13	9626881	9627215	190.516666667
chr13	9627216	9627347	190.516666667
chr13	9627348	9627506	190.516666667
chr13	9627507	9627941	195.116666667
chr13	9627942	9627963	197.416666667
chr13	9627964	9628637	197.416666667
chr13	9628638	9629281	194.366666667
chr13	9629282	9629478	193.9
chr13	9629479	9629784	197.866666667
chr13	9629785	9629822	220.083333333
chr13	9629823	9629891	227.783333333
chr13	9629892	9630436	227.783333333
chr13	9630437	9630443	234.633333333
chr13	9630444	9630642	235.366666667
chr13	9630643	9630760	237.1
chr13	9630761	9630790	236.35
chr13	9630791	9630854	232.95
chr13	9630855	9631172	226.55
chr13	9631173	9631227	227.316666667
chr13	9631228	9632118	227.316666667
chr13	9632119	9632504	215.0
chr13	9632505	9633107	210.166666667
chr13	9633108	9633377	205.966666667
chr13	9633378	9634219	198.65
chr13	9634220	9635308	213.8
chr13	9635309	9635378	172.933333333
chr13	9635379	9635398	137.166666667
chr13	9635399	9635487	98.2333333333
chr13	9635488	9636464	77.5333333333
chr13	9636465	9637869	77.5333333333
chr13	9637870	9638720	77.5333333333
chr13	9638721	9638729	77.5333333333
chr13	9638730	9638738	77.5333333333
chr13	9638739	9639038	84.9666666667
chr13	9639039	9639137	95.7166666667
chr13	9639138	9639349	136.216666667
chr13	9639350	9639572	137.183333333
chr13	9639573	9639600	135.183333333
chr13	9639601	9639821	131.166666667
chr13	9639822	9640743	108.45
chr13	9640744	9640753	100.75
chr13	9640754	9640873	142.483333333
chr13	9640874	9641648	156.9
chr13	9641649	9642247	150.516666667
chr13	9642248	9642254	148.3
chr13	9642255	9642269	157.583333333
chr13	9642270	9642361	182.883333333
chr13	9642362	9642382	217.316666667
chr13	9642383	9642759	224.916666667
chr13	9642760	9643000	224.95
chr13	9643001	9643404	224.95
chr13	9643405	9644015	240.483333333
chr13	9644016	9644882	256.016666667
chr13	9644883	9644905	255.516666667
chr13	9644906	9644924	249.366666667
chr13	9644925	9645007	278.066666667
chr13	9645008	9645515	308.3
chr13	9645516	9646004	311.333333333
chr13	9646005	9646865	312.45
chr13	9646866	9648762	312.45
chr13	9648763	9649538	312.45
chr13	9649539	9649803	312.45
chr13	9649804	9650491	312.45
chr13	9650492	9651109	307.783333333
chr13	9651110	9651260	300.566666667
chr13	9651261	9651392	269.866666667
chr13	9651393	9651434	274.2
chr13	9651435	9652738	301.166666667
chr13	9652739	9653102	302.133333333
chr13	9653103	9653590	321.233333333
chr13	9653591	9653993	334.0
chr13	9653994	9654981	293.916666667
chr13	9654982	9655170	272.2
chr13	9655171	9655995	272.2
chr13	9655996	9656119	271.466666667
chr13	9656120	9656131	261.9
chr13	9656132	9657678	250.2
chr13	9657679	9657773	238.8
chr13	9657774	9657926	252.766666667
chr13	9657927	9658006	252.766666667
chr13	9658007	9658214	252.8
chr13	9658215	9658485	239.166666667
chr13	9658486	9659826	249.5
chr13	9659827	9660125	249.933333333
chr13	9660126	9660394	240.933333333
chr13	9660395	9660689	212.233333333
chr13	9660690	9661081	182.766666667
chr13	9661082	9661225	180.5
chr13	9661226	9661261	189.6
chr13	9661262	9662290	195.25
chr13	9662291	9662630	195.25
chr13	9662631	9663469	195.25
chr13	9663470	9663531	195.25
chr13	9663532	9663677	187.883333333
chr13	9663678	9663993	187.883333333
chr13	9663994	9664974	185.383333333
chr13	9664975	9665082	180.45
chr13	9665083	9666409	153.416666667
chr13	9666410	9666743	152.45
chr13	9666744	9666748	133.35
chr13	9666749	9667017	120.85
chr13	9667018	9667353	119.333333333
chr13	9667354	9667365	121.966666667
chr13	9667366	9668018	136.5
chr13	9668019	9668655	144.2
chr13	9668656	9668756	144.2
chr13	9668757	9668804	132.266666667
chr13	9668805	9668820	109.266666667
chr13	9668821	9668843	99.1333333333
chr13	9668844	9668900	117.566666667
chr13	9668901	9670278	135.983333333
chr13	9670279	9670724	148.516666667
chr13	9670725	9671592	125.983333333
chr13	9671593	9671996	127.683333333
chr13	9671997	9672073	128.65
chr13	9672074	9672578	131.483333333
chr13	9672579	9674513	133.133333333
chr13	9674514	9674894	132.366666667
chr13	9674895	9675218	122.15
chr13	9675219	9676573	116.5
chr13	9676574	9676579	116.5
chr13	9676580	9677091	116.5
chr13	9677092	9677145	116.5
chr13	9677146	9678712	116.5
chr13	9678713	9678774	110.666666667
chr13	9678775	9679199	103.366666667
chr13	9679200	9680023	103.0
chr13	9680024	9680575	103.0
chr13	9680576	9680998	103.0
chr13	9680999	9681081	103.0
chr13	9681082	9683760	102.733333333
chr13	9683761	9684203	102.6
chr13	9684204	9684418	101.933333333
chr13	9684419	9684855	88.5833333333
chr13	9684856	9685703	93.5833333333
chr13	9685704	9686063	93.6166666667
chr13	9686064	9686071	91.95
chr13	9686072	9686359	91.9166666667
chr13	9686360	9686381	79.3166666667
chr13	9686382	9686675	160.85
chr13	9686676	9687525	149.6333333333
chr13	9687526	9687847	138.8166666667
chr13	9687848	9688325	135.4833333333
chr13	9688326	9689764	133.35
chr13	9689765	9689937	132.3833333333
chr13	9689938	9690344	129.55
chr13	9690345	9690881	127.1333333333
chr13	9690882	9690974	127.1333333333
chr13	9690975	9691427	127.1333333333
chr13	9691428	9691726	127.1333333333
chr13	9691727	9691815	127.1333333333
chr13	9691816	9694335	127.1333333333
chr13	9694336	9694419	127.1333333333
chr13	9694420	9694843	127.1333333333
chr13	9694844	9695305	127.1333333333
chr13	9695306	9695642	127.1333333333
chr13	9695643	9697346	127.1333333333
chr13	9697347	9697503	127.1333333333
chr13	9697504	9697675	127.1333333333
chr13	9697676	9698201	127.1333333333
chr13	9698202	9698217	128.6333333333
chr13	9698218	9698726	128.6333333333
chr13	9698727	9699325	126.2666666667
chr13	9699326	9699339	125.0833333333
chr13	9699340	9699407	112.3833333333
chr13	9699408	9699656	112.35
chr13	9699657	9699676	115.15
chr13	9699677	9699870	123.6166666667
chr13	9699871	9700838	128.7833333333
chr13	9700839	9700895	129.3833333333
chr13	9700896	9701160	122.15
chr13	9701161	9704026	120.2666666667
chr13	9704027	9704188	121.3333333333
chr13	9704189	9704204	121.65
chr13	9704205	9704621	121.65
chr13	9704622	9707280	128.1166666667
chr13	9707281	9707291	134.4833333333
chr13	9707292	9707297	152.35
chr13	9707298	9707327	163.4333333333
chr13	9707328	9707430	105.1
chr13	9707431	9707483	124.383333333
chr13	9707484	9707768	124.383333333
chr13	9707769	9707786	124.383333333
chr13	9707787	9708992	124.383333333
chr13	9708993	9711407	124.383333333
chr13	9711408	9712262	137.283333333
chr13	9712263	9715658	143.733333333
chr13	9715659	9716284	143.733333333
chr13	9716285	9717628	143.733333333
chr13	9717629	9717930	143.733333333
chr13	9717931	9718057	142.233333333
chr13	9718058	9718617	142.233333333
chr13	9718618	9718763	142.233333333
chr13	9718764	9720744	146.2
chr13	9720745	9720790	146.666666667
chr13	9720791	9721489	152.366666667
chr13	9721490	9721949	155.366666667
chr13	9721950	9722489	171.816666667
chr13	9722490	9724061	213.8
chr13	9724062	9724755	213.333333333
chr13	9724756	9726000	223.833333333
chr13	9726001	9726487	227.283333333
chr13	9726488	9727747	226.216666667
chr13	9727748	9728007	254.5
chr13	9728008	9728043	255.716666667
chr13	9728044	9728127	249.25
chr13	9728128	9728285	242.883333333
chr13	9728286	9729057	234.916666667
chr13	9729058	9729794	230.9
chr13	9729795	9729851	220.666666667
chr13	9729852	9730446	218.316666667
chr13	9730447	9731042	218.316666667
chr13	9731043	9731226	218.45
chr13	9731227	9732061	218.516666667
chr13	9732062	9732083	221.433333333
chr13	9732084	9732127	209.233333333
chr13	9732128	9732643	202.783333333
chr13	9732644	9732992	202.783333333
chr13	9732993	9733063	202.783333333
chr13	9733064	9733755	205.716666667
chr13	9733756	9734119	232.983333333
chr13	9734120	9734142	233.183333333
chr13	9734143	9734515	234.966666667
chr13	9734516	9734940	236.25
chr13	9734941	9735125	237.45
chr13	9735126	9735503	235.316666667
chr13	9735504	9735510	234.166666667
chr13	9735511	9735581	215.9
chr13	9735582	9737047	178.7
chr13	9737048	9738001	180.183333333
chr13	9738002	9738033	169.683333333
chr13	9738034	9738186	166.533333333
chr13	9738187	9738231	173.766666667
chr13	9738232	9738236	156.666666667
chr13	9738237	9738441	162.483333333
chr13	9738442	9739448	168.233333333
chr13	9739449	9739584	168.233333333
chr13	9739585	9740737	158.333333333
chr13	9740738	9741048	151.266666667
chr13	9741049	9741326	119.833333333
chr13	9741327	9741515	102.9
chr13	9741516	9742044	102.9
chr13	9742045	9743540	102.766666667
chr13	9743541	9744721	102.7
chr13	9744722	9745847	105.666666667
chr13	9745848	9746312	115.066666667
chr13	9746313	9746586	119.316666667
chr13	9746587	9746601	120.05
chr13	9746602	9746922	120.05
chr13	9746923	9747470	117.116666667
chr13	9747471	9749101	90.9166666667
chr13	9749102	9749200	91.25
chr13	9749201	9749297	93.1
chr13	9749298	9749306	88.4166666667
chr13	9749307	9749315	87.85
chr13	9749316	9749706	84.2833333333
chr13	9749707	9749938	79.6333333333
chr13	9749939	9750087	73.1833333333
chr13	9750088	9750128	73.65
chr13	9750129	9750635	79.5
chr13	9750636	9752228	84.9833333333
chr13	9752229	9753008	86.85
chr13	9753009	9753186	80.6166666667
chr13	9753187	9753656	86.05
chr13	9753657	9753996	103.383333333
chr13	9753997	9754589	123.966666667
chr13	9754590	9756061	185.416666667
chr13	9756062	9757517	288.116666667
chr13	9757518	9758109	292.516666667
chr13	9758110	9758290	293.783333333
chr13	9758291	9759160	310.35
chr13	9759161	9759166	310.35
chr13	9759167	9759529	310.35
chr13	9759530	9760648	310.35
chr13	9760649	9760714	304.466666667
chr13	9760715	9761170	294.366666667
chr13	9761171	9761837	290.816666667
chr13	9761838	9762513	291.683333333
chr13	9762514	9763138	301.766666667
chr13	9763139	9763752	320.766666667
chr13	9763753	9764197	347.583333333
chr13	9764198	9764796	347.25
chr13	9764797	9767103	343.616666667
chr13	9767104	9767459	343.05
chr13	9767460	9767597	341.95
chr13	9767598	9767681	361.716666667
chr13	9767682	9768485	381.483333333
chr13	9768486	9768799	381.85
chr13	9768800	9769171	372.1
chr13	9769172	9769493	364.866666667
chr13	9769494	9769502	364.95
chr13	9769503	9769985	363.866666667
chr13	9769986	9770201	380.866666667
chr13	9770202	9770341	364.066666667
chr13	9770342	9770693	368.666666667
chr13	9770694	9771482	368.4
chr13	9771483	9771649	309.483333333
chr13	9771650	9772095	206.783333333
chr13	9772096	9772114	204.95
chr13	9772115	9772284	205.9
chr13	9772285	9772484	196.566666667
chr13	9772485	9773486	203.233333333
chr13	9773487	9773822	203.233333333
chr13	9773823	9774933	203.233333333
chr13	9774934	9775442	219.366666667
chr13	9775443	9775614	222.366666667
chr13	9775615	9775980	265.9
chr13	9775981	9777095	279.7
chr13	9777096	9777462	269.616666667
chr13	9777463	9777817	250.616666667
chr13	9777818	9778335	222.733333333
chr13	9778336	9778454	222.533333333
chr13	9778455	9778613	229.2
chr13	9778614	9779354	258.283333333
chr13	9779355	9779502	279.65
chr13	9779503	9780525	259.883333333
chr13	9780526	9780740	272.25
chr13	9780741	9781141	273.783333333
chr13	9781142	9781376	286.05
chr13	9781377	9782506	300.333333333
chr13	9782507	9785035	321.733333333
chr13	9785036	9785626	331.516666667
chr13	9785627	9785742	374.15
chr13	9785743	9785901	389.45
chr13	9785902	9786165	374.95
chr13	9786166	9786497	349.35
chr13	9786498	9787295	353.416666667
chr13	9787296	9788595	374.666666667
chr13	9788596	9789833	383.966666667
chr13	9789834	9790701	391.75
chr13	9790702	9790706	384.516666667
chr13	9790707	9791366	377.85
chr13	9791367	9791407	426.35
chr13	9791408	9791570	475.116666667
chr13	9791571	9791803	471.883333333
chr13	9791804	9792415	478.666666667
chr13	9792416	9792573	461.3
chr13	9792574	9792967	465.583333333
chr13	9792968	9793802	466.916666667
chr13	9793803	9795519	606.083333333
chr13	9795520	9795585	716.816666667
chr13	9795586	9795594	726.2
chr13	9795595	9795782	719.533333333
chr13	9795783	9796066	690.45
chr13	9796067	9796752	669.083333333
chr13	9796753	9797383	675.516666667
chr13	9797384	9797530	644.716666667
chr13	9797531	9797971	642.616666667
chr13	9797972	9798901	629.683333333
chr13	9798902	9800082	695.866666667
chr13	9800083	9800723	713.383333333
chr13	9800724	9801560	701.383333333
chr13	9801561	9802592	640.983333333
chr13	9802593	9802707	625.55
chr13	9802708	9803106	629.283333333
chr13	9803107	9804230	655.15
chr13	9804231	9804490	683.55
chr13	9804491	9804567	679.483333333
chr13	9804568	9805044	667.616666667
chr13	9805045	9805224	657.616666667
chr13	9805225	9805477	657.616666667
chr13	9805478	9805854	657.616666667
chr13	9805855	9806123	609.216666667
chr13	9806124	9806413	625.566666667
chr13	9806414	9806574	624.133333333
chr13	9806575	9806732	618.783333333
chr13	9806733	9807506	591.916666667
chr13	9807507	9807829	572.233333333
chr13	9807830	9807840	617.733333333
chr13	9807841	9808983	562.133333333
chr13	9808984	9810065	456.2
chr13	9810066	9810110	488.65
chr13	9810111	9811135	514.666666667
chr13	9811136	9811363	519.766666667
chr13	9811364	9811397	519.766666667
chr13	9811398	9811412	513.866666667
chr13	9811413	9811632	630.633333333
chr13	9811633	9812788	712.283333333
chr13	9812789	9814538	726.316666667
chr13	9814539	9815054	807.383333333
chr13	9815055	9815721	884.766666667
chr13	9815722	9815773	913.766666667
chr13	9815774	9817453	990.3
chr13	9817454	9818088	990.933333333
chr13	9818089	9818278	972.733333333
chr13	9818279	9818602	977.566666667
chr13	9818603	9819201	970.75
chr13	9819202	9820237	955.9
chr13	9820238	9820495	1063.76666667
chr13	9820496	9820643	1142.1
chr13	9820644	9820684	1144.1
chr13	9820685	9820696	1144.1
chr13	9820697	9821057	1144.0
chr13	9821058	9822066	1078.88333333
chr13	9822067	9823567	1067.41666667
chr13	9823568	9824755	1062.98333333
chr13	9824756	9825691	1062.98333333
chr13	9825692	9826137	1203.91666667
chr13	9826138	9826204	1298.01666667
chr13	9826205	9826401	1254.35
chr13	9826402	9826451	1286.63333333
chr13	9826452	9826858	1269.66666667
chr13	9826859	9827285	1287.31666667
chr13	9827286	9827536	1328.58333333
chr13	9827537	9827835	1328.91666667
chr13	9827836	9828427	1385.81666667
chr13	9828428	9828535	1306.21666667
chr13	9828536	9828845	1227.5
chr13	9828846	9828985	1269.66666667
chr13	9828986	9829299	1159.88333333
chr13	9829300	9829720	1057.21666667
chr13	9829721	9829732	1028.91666667
chr13	9829733	9830335	1002.26666667
chr13	9830336	9830908	1084.66666667
chr13	9830909	9830960	1177.03333333
chr13	9830961	9831316	1152.16666667
chr13	9831317	9831384	1215.45
chr13	9831385	9832653	1475.31666667
chr13	9832654	9832758	1437.71666667
chr13	9832759	9833535	1385.81666667
chr13	9833536	9834602	1386.88333333
chr13	9834603	9834823	1386.88333333
chr13	9834824	9835029	1388.21666667
chr13	9835030	9835291	1411.08333333
chr13	9835292	9836554	1485.65
chr13	9836555	9837571	1486.38333333
chr13	9837572	9837580	1486.38333333
chr13	9837581	9838508	1345.45
chr13	9838509	9838921	1278.28333333
chr13	9838922	9839955	1318.83333333
chr13	9839956	9842298	1306.8
chr13	9842299	9842980	1345.2
chr13	9842981	9843826	1358.36666667
chr13	9843827	9843873	1313.06666667
chr13	9843874	9845005	1312.73333333
chr13	9845006	9845172	1255.3
chr13	9845173	9845418	1297.16666667
chr13	9845419	9845596	1364.95
chr13	9845597	9845610	1312.43333333
chr13	9845611	9845897	1260.68333333
chr13	9845898	9846242	1241.71666667
chr13	9846243	9846549	1240.41666667
chr13	9846550	9847684	1190.3
chr13	9847685	9849194	1107.26666667
chr13	9849195	9850232	1053.6
chr13	9850233	9850979	1047.86666667
chr13	9850980	9851021	956.4
chr13	9851022	9851550	694.2
chr13	9851551	9852058	623.933333333
chr13	9852059	9852194	597.5
chr13	9852195	9852297	612.766666667
chr13	9852298	9853579	641.183333333
chr13	9853580	9853941	645.316666667
chr13	9853942	9854754	639.616666667
chr13	9854755	9854764	586.916666667
chr13	9854765	9854815	615.283333333
chr13	9854816	9855405	637.7
chr13	9855406	9855459	723.7
chr13	9855460	9855883	686.8
chr13	9855884	9856097	608.716666667
chr13	9856098	9856945	583.8
chr13	9856946	9857076	520.966666667
chr13	9857077	9857462	464.366666667
chr13	9857463	9857815	463.3
chr13	9857816	9857877	514.7
chr13	9857878	9858094	531.833333333
chr13	9858095	9858591	471.966666667
chr13	9858592	9863087	404.75
chr13	9863088	9864355	407.1
chr13	9864356	9864389	413.5
chr13	9864390	9864961	413.366666667
chr13	9864962	9865180	416.0
chr13	9865181	9865555	434.6
chr13	9865556	9868189	476.866666667
chr13	9868190	9868454	480.283333333
chr13	9868455	9868511	488.616666667
chr13	9868512	9868518	495.216666667
chr13	9868519	9868799	498.716666667
chr13	9868800	9868811	498.716666667
chr13	9868812	9868922	498.716666667
chr13	9868923	9869330	480.383333333
chr13	9869331	9869452	451.966666667
chr13	9869453	9869766	448.2
chr13	9869767	9872024	485.516666667
chr13	9872025	9872646	474.45
chr13	9872647	9872754	476.85
chr13	9872755	9872911	460.583333333
chr13	9872912	9873897	383.4
chr13	9873898	9875268	365.1
chr13	9875269	9875836	374.266666667
chr13	9875837	9875979	382.833333333
chr13	9875980	9877448	389.9
chr13	9877449	9877538	394.816666667
chr13	9877539	9877601	436.55
chr13	9877602	9878064	481.083333333
chr13	9878065	9878740	523.716666667
chr13	9878741	9879657	521.566666667
chr13	9879658	9879848	681.633333333
chr13	9879849	9880699	766.316666667
chr13	9880700	9881891	777.95
chr13	9881892	9882077	797.55
chr13	9882078	9883191	824.183333333
chr13	9883192	9884050	806.633333333
chr13	9884051	9884795	764.966666667
chr13	9884796	9884829	729.583333333
chr13	9884830	9884883	747.333333333
chr13	9884884	9885729	747.616666667
chr13	9885730	9888214	748.65
chr13	9888215	9888266	749.083333333
chr13	9888267	9888531	770.35
chr13	9888532	9888919	782.083333333
chr13	9888920	9889978	784.283333333
chr13	9889979	9890716	782.583333333
chr13	9890717	9892604	740.6
chr13	9892605	9892938	768.166666667
chr13	9892939	9893280	779.983333333
chr13	9893281	9894282	778.983333333
chr13	9894283	9896009	772.033333333
chr13	9896010	9896129	756.85
chr13	9896130	9896460	745.65
chr13	9896461	9899216	762.25
chr13	9899217	9899983	782.433333333
chr13	9899984	9900340	778.083333333
chr13	9900341	9900578	736.35
chr13	9900579	9900934	640.416666667
chr13	9900935	9901283	582.216666667
chr13	9901284	9901521	654.816666667
chr13	9901522	9901539	498.583333333
chr13	9901540	9901782	414.4
chr13	9901783	9902923	479.233333333
chr13	9902924	9903108	505.433333333
chr13	9903109	9904890	512.033333333
chr13	9904891	9905398	521.333333333
chr13	9905399	9906301	520.733333333
chr13	9906302	9906458	514.0
chr13	9906459	9906847	569.916666667
chr13	9906848	9907234	616.583333333
chr13	9907235	9907365	642.25
chr13	9907366	9907460	666.15
chr13	9907461	9907566	652.95
chr13	9907567	9907665	662.65
chr13	9907666	9908576	703.266666667
chr13	9908577	9909199	713.233333333
chr13	9909200	9909651	708.9
chr13	9909652	9909858	672.966666667
chr13	9909859	9911288	629.666666667
chr13	9911289	9911519	624.516666667
chr13	9911520	9912772	640.7
chr13	9912773	9913484	699.583333333
chr13	9913485	9913500	742.666666667
chr13	9913501	9914581	754.316666667
chr13	9914582	9916664	726.633333333
chr13	9916665	9916895	725.833333333
chr13	9916896	9917071	731.433333333
chr13	9917072	9917089	863.1
chr13	9917090	9918674	935.833333333
chr13	9918675	9919679	884.6
chr13	9919680	9920218	882.4
chr13	9920219	9920479	875.866666667
chr13	9920480	9920840	792.766666667
chr13	9920841	9923290	746.866666667
chr13	9923291	9923572	711.0
chr13	9923573	9924209	700.65
chr13	9924210	9925171	700.716666667
chr13	9925172	9926420	727.416666667
chr13	9926421	9926721	644.883333333
chr13	9926722	9927260	591.333333333
chr13	9927261	9927878	561.133333333
chr13	9927879	9928060	536.8
chr13	9928061	9928563	528.916666667
chr13	9928564	9928573	512.15
chr13	9928574	9930496	476.016666667
chr13	9930497	9930699	468.383333333
chr13	9930700	9931205	460.216666667
chr13	9931206	9931537	457.783333333
chr13	9931538	9931794	470.2
chr13	9931795	9931968	482.683333333
chr13	9931969	9932268	468.266666667
chr13	9932269	9932385	406.0
chr13	9932386	9933147	362.583333333
chr13	9933148	9933315	325.633333333
chr13	9933316	9933596	330.033333333
chr13	9933597	9933715	362.8
chr13	9933716	9934103	358.333333333
chr13	9934104	9935002	270.3
chr13	9935003	9935237	217.833333333
chr13	9935238	9936399	178.15
chr13	9936400	9936584	173.016666667
chr13	9936585	9937186	173.883333333
chr13	9937187	9937346	174.316666667
chr13	9937347	9937467	174.316666667
chr13	9937468	9938222	174.316666667
chr13	9938223	9939005	174.316666667
chr13	9939006	9939420	174.25
chr13	9939421	9939470	162.383333333
chr13	9939471	9939535	169.766666667
chr13	9939536	9940251	169.766666667
chr13	9940252	9941135	170.833333333
chr13	9941136	9941202	171.6
chr13	9941203	9941488	176.45
chr13	9941489	9941802	214.416666667
chr13	9941803	9941959	208.9
chr13	9941960	9942751	255.7
chr13	9942752	9943123	303.666666667
chr13	9943124	9943450	328.366666667
chr13	9943451	9943532	337.1
chr13	9943533	9943687	324.616666667
chr13	9943688	9943961	320.983333333
chr13	9943962	9944296	320.983333333
chr13	9944297	9944466	320.983333333
chr13	9944467	9945936	348.983333333
chr13	9945937	9946316	372.583333333
chr13	9946317	9946601	339.816666667
chr13	9946602	9946780	338.683333333
chr13	9946781	9947349	295.183333333
chr13	9947350	9948959	273.35
chr13	9948960	9949119	275.166666667
chr13	9949120	9949287	275.333333333
chr13	9949288	9950154	274.55
chr13	9950155	9950424	274.116666667
chr13	9950425	9950481	274.133333333
chr13	9950482	9950970	361.3
chr13	9950971	9951035	415.483333333
chr13	9951036	9951066	429.75
chr13	9951067	9951155	461.466666667
chr13	9951156	9951679	519.483333333
chr13	9951680	9951751	573.183333333
chr13	9951752	9951801	647.15
chr13	9951802	9952796	680.866666667
chr13	9952797	9953257	687.766666667
chr13	9953258	9953583	645.6
chr13	9953584	9954996	644.75
chr13	9954997	9955164	599.516666667
chr13	9955165	9955764	553.283333333
chr13	9955765	9956085	552.25
chr13	9956086	9956443	591.433333333
chr13	9956444	9956798	634.15
chr13	9956799	9957828	634.15
chr13	9957829	9958133	634.933333333
chr13	9958134	9958663	636.566666667
chr13	9958664	9958713	614.5
chr13	9958714	9962160	590.9
chr13	9962161	9962219	593.183333333
chr13	9962220	9962724	596.183333333
chr13	9962725	9963233	596.05
chr13	9963234	9963247	596.05
chr13	9963248	9963648	594.2
chr13	9963649	9964297	594.033333333
chr13	9964298	9964333	593.95
chr13	9964334	9964588	593.95
chr13	9964589	9965383	741.9
chr13	9965384	9966610	729.1
chr13	9966611	9966792	768.716666667
chr13	9966793	9967298	801.35
chr13	9967299	9967375	764.5
chr13	9967376	9968128	708.766666667
chr13	9968129	9968786	655.066666667
chr13	9968787	9969898	580.033333333
chr13	9969899	9972399	553.416666667
chr13	9972400	9972422	669.15
chr13	9972423	9972755	693.366666667
chr13	9972756	9973764	696.566666667
chr13	9973765	9973819	693.866666667
chr13	9973820	9974662	722.533333333
chr13	9974663	9974670	729.266666667
chr13	9974671	9974702	668.916666667
chr13	9974703	9976676	626.566666667
chr13	9976677	9976839	626.75
chr13	9976840	9977805	625.966666667
chr13	9977806	9977951	624.333333333
chr13	9977952	9978107	618.4
chr13	9978108	9978410	614.0
chr13	9978411	9978904	611.95
chr13	9978905	9979277	609.066666667
chr13	9979278	9979651	637.333333333
chr13	9979652	9980127	640.766666667
chr13	9980128	9981258	707.6
chr13	9981259	9981350	741.75
chr13	9981351	9982186	791.45
chr13	9982187	9982773	791.45
chr13	9982774	9982888	643.483333333
chr13	9982889	9982990	595.116666667
chr13	9982991	9984126	510.366666667
chr13	9984127	9984144	464.166666667
chr13	9984145	9985768	454.466666667
chr13	9985769	9985806	444.766666667
chr13	9985807	9985889	444.766666667
chr13	9985890	9986074	444.766666667
chr13	9986075	9987019	436.933333333
chr13	9987020	9987804	310.9
chr13	9987805	9987937	330.7
chr13	9987938	9988218	390.716666667
chr13	9988219	9989303	489.8
chr13	9989304	9989799	537.783333333
chr13	9989800	9989876	532.95
chr13	9989877	9989895	577.416666667
chr13	9989896	9990563	584.366666667
chr13	9990564	9991523	589.466666667
chr13	9991524	9991559	591.2
chr13	9991560	9991642	592.283333333
chr13	9991643	9991654	594.45
chr13	9991655	9991674	594.45
chr13	9991675	9991935	594.216666667
chr13	9991936	9992059	594.1
chr13	9992060	9992180	565.833333333
chr13	9992181	9993946	562.4
chr13	9993947	9994080	495.566666667
chr13	9994081	9994624	461.416666667
chr13	9994625	9995342	411.716666667
chr13	9995343	9996600	411.716666667
chr13	9996601	9996796	411.716666667
chr13	9996797	9999009	385.716666667
chr13	9999010	10001137	376.666666667
chr13	10001138	10001581	375.966666667
chr13	10001582	10002394	375.966666667
chr13	10002395	10002653	375.966666667
chr13	10002654	10003546	375.966666667
chr13	10003547	10003778	375.966666667
chr13	10003779	10003822	375.933333333
chr13	10003823	10003911	374.3
chr13	10003912	10003978	329.816666667
chr13	10003979	10004570	266.283333333
chr13	10004571	10004707	166.0
chr13	10004708	10004822	87.6166666667
chr13	10004823	10005091	62.05
chr13	10005092	10005219	17.5833333333
chr13	10005220	10005601	10.2666666667
chr13	10005602	10005649	4.98333333333
chr13	10005650	10006202	39.05
chr13	10006203	10006262	58.0833333333
chr13	10006263	10006482	59.4166666667
chr13	10006483	10006897	60.8833333333
chr13	10006898	10006941	63.25
chr13	10006942	10007256	63.25
chr13	10007257	10007343	63.4666666667
chr13	10007344	10007731	78.2833333333
chr13	10007732	10007792	101.25
chr13	10007793	10008534	148.516666667
chr13	10008535	10008746	181.9
chr13	10008747	10008996	187.316666667
chr13	10008997	10009081	187.316666667
chr13	10009082	10009151	195.816666667
chr13	10009152	10009159	208.116666667
chr13	10009160	10009458	210.133333333
chr13	10009459	10010452	210.133333333
chr13	10010453	10010572	218.1
chr13	10010573	10011056	223.333333333
chr13	10011057	10011094	225.833333333
chr13	10011095	10011244	225.833333333
chr13	10011245	10011663	225.833333333
chr13	10011664	10012947	225.833333333
chr13	10012948	10013517	286.3
chr13	10013518	10013571	331.783333333
chr13	10013572	10014787	353.516666667
chr13	10014788	10016357	359.116666667
chr13	10016358	10016732	360.216666667
chr13	10016733	10019012	391.116666667
chr13	10019013	10019218	391.55
chr13	10019219	10020020	358.716666667
chr13	10020021	10020398	350.7
chr13	10020399	10020632	370.433333333
chr13	10020633	10021398	377.4
chr13	10021399	10021583	384.083333333
chr13	10021584	10022141	430.35
chr13	10022142	10022162	458.833333333
chr13	10022163	10022214	446.65
chr13	10022215	10022247	426.516666667
chr13	10022248	10022834	380.066666667
chr13	10022835	10023616	347.983333333
chr13	10023617	10023938	343.866666667
chr13	10023939	10024267	343.866666667
chr13	10024268	10025217	335.366666667
chr13	10025218	10025275	329.633333333
chr13	10025276	10025918	330.9
chr13	10025919	10026871	330.9
chr13	10026872	10027027	322.933333333
chr13	10027028	10027832	317.7
chr13	10027833	10030417	315.2
chr13	10030418	10030782	315.2
chr13	10030783	10031338	315.2
chr13	10031339	10033308	315.2
chr13	10033309	10033431	254.733333333
chr13	10033432	10034817	209.25
chr13	10034818	10034822	187.516666667
chr13	10034823	10035149	181.916666667
chr13	10035150	10035827	180.816666667
chr13	10035828	10036420	149.916666667
chr13	10036421	10036680	149.483333333
chr13	10036681	10037799	146.533333333
chr13	10037800	10038248	134.433333333
chr13	10038249	10038520	111.2
chr13	10038521	10038704	102.766666667
chr13	10038705	10038935	93.7166666667
chr13	10038936	10039140	47.45
chr13	10039141	10039800	32.3166666667
chr13	10039801	10039818	116.783333333
chr13	10039819	10039939	195.366666667
chr13	10039940	10040046	254.483333333
chr13	10040047	10040266	313.083333333
chr13	10040267	10040340	311.883333333
chr13	10040341	10040411	311.983333333
chr13	10040412	10040522	347.266666667
chr13	10040523	10040913	347.8
chr13	10040914	10042087	344.516666667
chr13	10042088	10042253	348.683333333
chr13	10042254	10042384	374.95
chr13	10042385	10042919	403.233333333
chr13	10042920	10044680	443.933333333
chr13	10044681	10044715	557.2
chr13	10044716	10044940	622.233333333
chr13	10044941	10044952	669.966666667
chr13	10044953	10046945	723.233333333
chr13	10046946	10047282	744.766666667
chr13	10047283	10047558	748.1
chr13	10047559	10048119	757.35
chr13	10048120	10049466	760.383333333
chr13	10049467	10049652	760.416666667
chr13	10049653	10049745	798.966666667
chr13	10049746	10049887	815.75
chr13	10049888	10049928	815.85
chr13	10049929	10050098	883.95
chr13	10050099	10050596	1008.1
chr13	10050597	10050895	1245.83333333
chr13	10050896	10051272	1247.53333333
chr13	10051273	10053296	1233.96666667
chr13	10053297	10053598	1146.86666667
chr13	10053599	10053679	1065.45
chr13	10053680	10054192	1005.53333333
chr13	10054193	10054199	954.1
chr13	10054200	10054986	958.733333333
chr13	10054987	10055059	958.633333333
chr13	10055060	10055330	923.35
chr13	10055331	10056988	916.25
chr13	10056989	10057019	916.25
chr13	10057020	10057746	924.916666667
chr13	10057747	10057990	943.966666667
chr13	10057991	10058794	1046.38333333
chr13	10058795	10060000	1068.68333333
chr13	10060001	10060940	955.416666667
chr13	10060941	10060944	890.383333333
chr13	10060945	10060979	842.65
chr13	10060980	10061130	789.383333333
chr13	10061131	10061575	767.85
chr13	10061576	10062944	764.516666667
chr13	10062945	10063159	782.016666667
chr13	10063160	10063220	831.083333333
chr13	10063221	10063643	857.333333333
chr13	10063644	10063883	885.433333333
chr13	10063884	10063910	875.833333333
chr13	10063911	10064247	898.766666667
chr13	10064248	10064791	834.2
chr13	10064792	10065067	710.05
chr13	10065068	10065842	472.316666667
chr13	10065843	10066071	471.833333333
chr13	10066072	10066417	474.2
chr13	10066418	10066452	474.2
chr13	10066453	10067225	474.266666667
chr13	10067226	10067320	519.716666667
chr13	10067321	10067335	541.75
chr13	10067336	10067830	539.683333333
chr13	10067831	10068012	562.85
chr13	10068013	10068950	596.183333333
chr13	10068951	10069619	712.45
chr13	10069620	10069966	800.216666667
chr13	10069967	10070388	819.15
chr13	10070389	10070718	848.616666667
chr13	10070719	10070737	727.516666667
chr13	10070738	10070760	680.616666667
chr13	10070761	10071893	680.616666667
chr13	10071894	10072109	680.616666667
chr13	10072110	10072245	687.15
chr13	10072246	10072329	693.683333333
chr13	10072330	10072475	780.333333333
chr13	10072476	10072954	780.4
chr13	10072955	10073232	753.716666667
chr13	10073233	10073309	701.616666667
chr13	10073310	10073803	675.333333333
chr13	10073804	10074033	608.683333333
chr13	10074034	10074234	628.916666667
chr13	10074235	10074387	631.9
chr13	10074388	10074710	679.133333333
chr13	10074711	10075476	679.266666667
chr13	10075477	10076006	679.583333333
chr13	10076007	10077781	678.866666667
chr13	10077782	10077898	755.116666667
chr13	10077899	10078249	768.266666667
chr13	10078250	10078640	768.2
chr13	10078641	10078995	743.4
chr13	10078996	10079014	783.716666667
chr13	10079015	10079061	791.283333333
chr13	10079062	10079083	906.583333333
chr13	10079084	10079206	943.95
chr13	10079207	10079247	840.85
chr13	10079248	10079386	763.516666667
chr13	10079387	10080020	731.75
chr13	10080021	10080178	656.966666667
chr13	10080179	10080223	647.366666667
chr13	10080224	10080727	631.266666667
chr13	10080728	10080894	631.266666667
chr13	10080895	10081155	677.2
chr13	10081156	10081349	712.266666667
chr13	10081350	10081479	767.2
chr13	10081480	10082815	720.533333333
chr13	10082816	10083406	722.033333333
chr13	10083407	10083729	731.866666667
chr13	10083730	10083747	814.783333333
chr13	10083748	10085627	888.966666667
chr13	10085628	10086078	889.966666667
chr13	10086079	10088044	862.533333333
chr13	10088045	10089680	857.833333333
chr13	10089681	10089701	810.433333333
chr13	10089702	10090712	810.3
chr13	10090713	10090734	809.983333333
chr13	10090735	10091405	809.483333333
chr13	10091406	10091872	731.433333333
chr13	10091873	10092653	742.566666667
chr13	10092654	10092708	743.566666667
chr13	10092709	10092937	724.3
chr13	10092938	10092950	679.883333333
chr13	10092951	10092976	743.916666667
chr13	10092977	10093630	609.05
chr13	10093631	10093921	538.35
chr13	10093922	10094294	568.283333333
chr13	10094295	10094624	563.283333333
chr13	10094625	10095547	563.283333333
chr13	10095548	10096169	839.016666667
chr13	10096170	10096175	936.983333333
chr13	10096176	10096198	938.05
chr13	10096199	10096600	938.05
chr13	10096601	10097016	901.55
chr13	10097017	10097361	911.716666667
chr13	10097362	10097402	853.683333333
chr13	10097403	10097500	813.7
chr13	10097501	10098255	812.133333333
chr13	10098256	10098679	802.233333333
chr13	10098680	10098896	721.666666667
chr13	10098897	10099571	658.65
chr13	10099572	10099666	710.916666667
chr13	10099667	10099829	804.05
chr13	10099830	10100489	783.766666667
chr13	10100490	10101692	780.4
chr13	10101693	10102757	780.4
chr13	10102758	10104059	780.4
chr13	10104060	10104272	793.7
chr13	10104273	10105159	801.366666667
chr13	10105160	10105761	833.216666667
chr13	10105762	10105870	890.133333333
chr13	10105871	10106190	920.366666667
chr13	10106191	10106909	897.366666667
chr13	10106910	10107024	823.166666667
chr13	10107025	10108040	819.633333333
chr13	10108041	10108169	820.633333333
chr13	10108170	10109520	778.6
chr13	10109521	10111254	945.8
chr13	10111255	10111392	962.933333333
chr13	10111393	10111762	688.033333333
chr13	10111763	10111930	597.466666667
chr13	10111931	10112146	674.566666667
chr13	10112147	10113070	682.4
chr13	10113071	10114214	694.7
chr13	10114215	10115364	699.316666667
chr13	10115365	10116602	746.933333333
chr13	10116603	10118067	813.6
chr13	10118068	10118229	889.566666667
chr13	10118230	10118249	893.666666667
chr13	10118250	10118495	891.316666667
chr13	10118496	10119833	880.216666667
chr13	10119834	10120629	826.983333333
chr13	10120630	10121044	733.85
chr13	10121045	10121231	732.816666667
chr13	10121232	10122603	738.383333333
chr13	10122604	10122904	739.35
chr13	10122905	10124678	777.35
chr13	10124679	10124894	826.483333333
chr13	10124895	10124925	847.766666667
chr13	10124926	10125124	793.533333333
chr13	10125125	10125381	768.216666667
chr13	10125382	10125386	799.383333333
chr13	10125387	10125589	827.65
chr13	10125590	10125703	827.95
chr13	10125704	10126140	827.883333333
chr13	10126141	10126226	872.616666667
chr13	10126227	10126778	907.85
chr13	10126779	10127428	781.633333333
chr13	10127429	10127573	906.616666667
chr13	10127574	10130068	960.883333333
chr13	10130069	10131249	1017.43333333
chr13	10131250	10131605	981.333333333
chr13	10131606	10131722	973.5
chr13	10131723	10132479	964.2
chr13	10132480	10132684	920.25
chr13	10132685	10132913	869.2
chr13	10132914	10133064	802.533333333
chr13	10133065	10134232	857.4
chr13	10134233	10134906	1055.66666667
chr13	10134907	10136009	1102.2
chr13	10136010	10137218	1123.73333333
chr13	10137219	10137555	1285.63333333
chr13	10137556	10138843	1285.63333333
chr13	10138844	10140101	1490.06666667
chr13	10140102	10140898	1586.71666667
chr13	10140899	10141605	1613.75
chr13	10141606	10141654	1686.43333333
chr13	10141655	10142014	1649.16666667
chr13	10142015	10142026	1726.23333333
chr13	10142027	10142142	1803.43333333
chr13	10142143	10142165	1937.21666667
chr13	10142166	10142669	2109.03333333
chr13	10142670	10143205	2366.96666667
chr13	10143206	10143593	2460.76666667
chr13	10143594	10143812	2622.33333333
chr13	10143813	10144095	2779.1
chr13	10144096	10144384	2763.3
chr13	10144385	10144388	2716.88333333
chr13	10144389	10144568	2574.76666667
chr13	10144569	10145586	2519.66666667
chr13	10145587	10146183	2455.71666667
chr13	10146184	10146798	2782.18333333
chr13	10146799	10147098	3249.38333333
chr13	10147099	10147776	3471.38333333
chr13	10147777	10148234	3458.95
chr13	10148235	10148778	3546.75
chr13	10148779	10151004	3837.71666667
chr13	10151005	10151736	3979.65
chr13	10151737	10152860	3969.95
chr13	10152861	10154535	4205.73333333
chr13	10154536	10154833	4366.76666667
chr13	10154834	10155204	4392.46666667
chr13	10155205	10155642	4549.2
chr13	10155643	10155750	4469.06666667
chr13	10155751	10156722	4510.96666667
chr13	10156723	10158088	5389.73333333
chr13	10158089	10160592	5540.98333333
chr13	10160593	10160968	5529.65
chr13	10160969	10163905	5690.53333333
chr13	10163906	10163910	5648.86666667
chr13	10163911	10164124	5482.48333333
chr13	10164125	10164511	5247.86666667
chr13	10164512	10165380	5293.3
chr13	10165381	10165553	5552.46666667
chr13	10165554	10165846	5719.76666667
chr13	10165847	10166267	5610.33333333
chr13	10166268	10166725	5610.63333333
chr13	10166726	10167034	5610.63333333
chr13	10167035	10167263	5725.7
chr13	10167264	10168110	6059.78333333
chr13	10168111	10169608	6427.6
chr13	10169609	10170121	6232.06666667
chr13	10170122	10171712	5764.86666667
chr13	10171713	10172167	5969.5
chr13	10172168	10172215	6424.88333333
chr13	10172216	10172380	6434.75
chr13	10172381	10172507	6382.75
chr13	10172508	10173506	6279.11666667
chr13	10173507	10174276	6105.43333333
chr13	10174277	10174781	5823.11666667
chr13	10174782	10175802	5640.48333333
chr13	10175803	10176088	5452.85
chr13	10176089	10176155	5296.11666667
chr13	10176156	10176369	5171.81666667
chr13	10176370	10177729	5027.7
chr13	10177730	10179539	4120.93333333
chr13	10179540	10179621	3859.0
chr13	10179622	10179700	3845.16666667
chr13	10179701	10179776	3577.7
chr13	10179777	10180073	3540.26666667
chr13	10180074	10180175	3540.26666667
chr13	10180176	10180308	3540.26666667
chr13	10180309	10180577	3205.23333333
chr13	10180578	10181906	2851.9
chr13	10181907	10182100	2523.03333333
chr13	10182101	10182259	2429.96666667
chr13	10182260	10182566	2409.16666667
chr13	10182567	10182693	2409.16666667
chr13	10182694	10182887	2294.1
chr13	10182888	10183046	1960.01666667
chr13	10183047	10183256	1592.2
chr13	10183257	10183357	1419.2
chr13	10183358	10183490	1419.2
chr13	10183491	10183621	980.133333333
chr13	10183622	10183752	524.75
chr13	10183753	10184374	427.083333333
chr13	10184375	10185599	188.116666667
chr13	10185600	10186411	18.9833333333
chr13	10186412	10186584	0.0
chr13	10186585	10186715	0.0
chr13	10186716	10186926	0.0
chr13	10186927	10186976	113.433333333
chr13	10186977	10187091	179.866666667
chr13	10187092	10187806	179.866666667
chr13	10187807	10187944	179.866666667
chr13	10187945	10188109	305.233333333
chr13	10188110	10188235	368.133333333
chr13	10188236	10188778	766.233333333
chr13	10188779	10188786	1302.56666667
chr13	10188787	10188934	1683.3
chr13	10188935	10189303	1917.4
chr13	10189304	10189775	2508.46666667
chr13	10189776	10190642	2812.1
chr13	10190643	10190658	3057.41666667
chr13	10190659	10191498	3068.51666667
chr13	10191499	10192707	3068.51666667
chr13	10192708	10193287	3068.51666667
chr13	10193288	10193331	3175.41666667
chr13	10193332	10193445	3228.98333333
chr13	10193446	10193858	3228.98333333
chr13	10193859	10193888	3229.01666667
chr13	10193889	10195924	3229.01666667
chr13	10195925	10197106	3449.53333333
chr13	10197107	10197157	3609.21666667
chr13	10197158	10197601	3705.4
chr13	10197602	10197701	3844.16666667
chr13	10197702	10197901	3858.5
chr13	10197902	10198360	3865.96666667
chr13	10198361	10200901	3902.0
chr13	10200902	10201057	4253.7
chr13	10201058	10201303	4553.63333333
chr13	10201304	10201549	4500.86666667
chr13	10201550	10201763	4434.43333333
chr13	10201764	10202387	4568.66666667
chr13	10202388	10202464	4579.76666667
chr13	10202465	10202984	4454.4
chr13	10202985	10203148	4392.1
chr13	10203149	10204676	3994.63333333
chr13	10204677	10204829	3458.3
chr13	10204830	10205414	3077.56666667
chr13	10205415	10205445	2843.46666667
chr13	10205446	10206569	2252.4
chr13	10206570	10206842	1948.76666667
chr13	10206843	10206960	1703.45
chr13	10206961	10206973	1722.55
chr13	10206974	10207489	1752.75
chr13	10207490	10207543	1752.75
chr13	10207544	10208148	1645.98333333
chr13	10208149	10208361	1601.46666667
chr13	10208362	10208591	1619.3
chr13	10208592	10208601	1619.26666667
chr13	10208602	10209056	1755.8
chr13	10209057	10209674	1603.65
chr13	10209675	10209690	1444.06666667
chr13	10209691	10209921	1348.35
chr13	10209922	10209979	1209.58333333
chr13	10209980	10210769	1195.25
chr13	10210770	10211173	1187.78333333
chr13	10211174	10211465	1373.78333333
chr13	10211466	10211694	1138.25
chr13	10211695	10212750	851.05
chr13	10212751	10212764	804.683333333
chr13	10212765	10213241	841.966666667
chr13	10213242	10213647	719.066666667
chr13	10213648	10213770	707.966666667
chr13	10213771	10214146	792.85
chr13	10214147	10214259	804.983333333
chr13	10214260	10214727	804.35
chr13	10214728	10216789	804.35
chr13	10216790	10217849	848.15
chr13	10217850	10217932	866.75
chr13	10217933	10218906	879.033333333
chr13	10218907	10218930	888.533333333
chr13	10218931	10218991	898.033333333
chr13	10218992	10219930	875.716666667
chr13	10219931	10219948	846.283333333
chr13	10219949	10220993	931.083333333
chr13	10220994	10221670	956.383333333
chr13	10221671	10221820	947.333333333
chr13	10221821	10221858	929.5
chr13	10221859	10222542	955.366666667
chr13	10222543	10222660	864.116666667
chr13	10222661	10223040	801.95
chr13	10223041	10223212	801.85
chr13	10223213	10223971	801.383333333
chr13	10223972	10224198	801.383333333
chr13	10224199	10225472	801.383333333
chr13	10225473	10225613	1006.01666667
chr13	10225614	10225666	988.716666667
chr13	10225667	10226349	874.3
chr13	10226350	10226405	896.783333333
chr13	10226406	10226538	992.85
chr13	10226539	10226574	1061.8
chr13	10226575	10226815	1053.0
chr13	10226816	10227410	1055.53333333
chr13	10227411	10227620	973.15
chr13	10227621	10227763	960.416666667
chr13	10227764	10227803	961.85
chr13	10227804	10228111	963.283333333
chr13	10228112	10228159	919.483333333
chr13	10228160	10228202	901.016666667
chr13	10228203	10228417	894.866666667
chr13	10228418	10228617	885.733333333
chr13	10228618	10229466	876.833333333
chr13	10229467	10230192	869.55
chr13	10230193	10230599	1012.05
chr13	10230600	10231147	942.716666667
chr13	10231148	10231820	930.166666667
chr13	10231821	10231836	931.1
chr13	10231837	10231841	940.683333333
chr13	10231842	10231865	930.983333333
chr13	10231866	10231870	885.7
chr13	10231871	10231882	896.2
chr13	10231883	10232594	943.45
chr13	10232595	10232685	983.283333333
chr13	10232686	10232899	1085.88333333
chr13	10232900	10233599	1151.81666667
chr13	10233600	10233637	971.716666667
chr13	10233638	10234109	920.95
chr13	10234110	10234115	963.583333333
chr13	10234116	10234215	929.016666667
chr13	10234216	10234296	818.65
chr13	10234297	10235140	752.45
chr13	10235141	10235584	791.05
chr13	10235585	10237211	791.05
chr13	10237212	10237368	860.816666667
chr13	10237369	10237383	920.65
chr13	10237384	10237449	969.7
chr13	10237450	10239126	1136.9
chr13	10239127	10239309	1239.13333333
chr13	10239310	10239565	1250.76666667
chr13	10239566	10240806	1311.13333333
chr13	10240807	10240932	1409.31666667
chr13	10240933	10241663	1414.38333333
chr13	10241664	10242364	1441.21666667
chr13	10242365	10243010	1388.08333333
chr13	10243011	10243202	1566.81666667
chr13	10243203	10243282	1818.38333333
chr13	10243283	10243580	1979.58333333
chr13	10243581	10243691	2079.48333333
chr13	10243692	10244251	2245.88333333
chr13	10244252	10245503	2332.75
chr13	10245504	10246465	2316.31666667
chr13	10246466	10247622	2269.06666667
chr13	10247623	10248812	2229.23333333
chr13	10248813	10248835	2126.63333333
chr13	10248836	10248849	2060.7
chr13	10248850	10249306	2036.16666667
chr13	10249307	10249445	1899.66666667
chr13	10249446	10249532	2000.18333333
chr13	10249533	10250139	2097.5
chr13	10250140	10251842	2166.76666667
chr13	10251843	10252564	2159.38333333
chr13	10252565	10252603	2162.78333333
chr13	10252604	10253187	2160.28333333
chr13	10253188	10253237	2088.01666667
chr13	10253238	10254146	2171.05
chr13	10254147	10254327	2272.16666667
chr13	10254328	10254466	2134.48333333
chr13	10254467	10254514	2032.28333333
chr13	10254515	10254671	2020.51666667
chr13	10254672	10255351	1954.01666667
chr13	10255352	10255547	1855.46666667
chr13	10255548	10255687	1859.08333333
chr13	10255688	10256152	1834.88333333
chr13	10256153	10256201	1750.01666667
chr13	10256202	10256307	1640.28333333
chr13	10256308	10256601	1441.28333333
chr13	10256602	10256739	1371.78333333
chr13	10256740	10256854	1306.58333333
chr13	10256855	10257262	1124.01666667
chr13	10257263	10257370	1037.15
chr13	10257371	10258825	1044.91666667
chr13	10258826	10259589	1097.28333333
chr13	10259590	10259670	1119.38333333
chr13	10259671	10259733	1119.41666667
chr13	10259734	10259833	1203.83333333
chr13	10259834	10260030	1290.75
chr13	10260031	10261551	1332.25
chr13	10261552	10261570	1187.45
chr13	10261571	10261749	1089.53333333
chr13	10261750	10261766	1020.26666667
chr13	10261767	10262088	987.616666667
chr13	10262089	10263069	943.083333333
chr13	10263070	10263358	943.05
chr13	10263359	10263591	949.183333333
chr13	10263592	10263819	831.566666667
chr13	10263820	10264241	788.8
chr13	10264242	10264303	825.283333333
chr13	10264304	10264667	873.166666667
chr13	10264668	10265239	873.166666667
chr13	10265240	10265823	873.166666667
chr13	10265824	10266235	873.166666667
chr13	10266236	10266838	863.883333333
chr13	10266839	10267264	860.65
chr13	10267265	10268049	855.383333333
chr13	10268050	10268233	770.916666667
chr13	10268234	10268356	705.466666667
chr13	10268357	10268361	614.333333333
chr13	10268362	10268432	602.9
chr13	10268433	10268579	603.2
chr13	10268580	10269007	603.5
chr13	10269008	10269368	595.466666667
chr13	10269369	10269887	543.1
chr13	10269888	10270531	521.0
chr13	10270532	10270835	520.966666667
chr13	10270836	10270847	436.733333333
chr13	10270848	10270857	350.116666667
chr13	10270858	10270987	327.266666667
chr13	10270988	10271183	386.7
chr13	10271184	10271220	473.3
chr13	10271221	10271396	517.6
chr13	10271397	10271653	558.116666667
chr13	10271654	10271716	566.516666667
chr13	10271717	10272691	584.75
chr13	10272692	10272696	585.75
chr13	10272697	10272738	656.0
chr13	10272739	10272915	604.616666667
chr13	10272916	10273153	542.016666667
chr13	10273154	10273528	498.0
chr13	10273529	10273628	528.533333333
chr13	10273629	10275410	529.4
chr13	10275411	10275418	529.4
chr13	10275419	10275769	529.4
chr13	10275770	10276136	530.7
chr13	10276137	10276429	534.633333333
chr13	10276430	10276492	571.966666667
chr13	10276493	10276783	609.233333333
chr13	10276784	10276902	681.633333333
chr13	10276903	10277173	681.616666667
chr13	10277174	10277185	681.316666667
chr13	10277186	10277197	681.016666667
chr13	10277198	10277655	681.016666667
chr13	10277656	10277990	784.383333333
chr13	10277991	10278258	884.2
chr13	10278259	10279236	884.733333333
chr13	10279237	10279383	1009.16666667
chr13	10279384	10280120	1101.08333333
chr13	10280121	10280138	1070.3
chr13	10280139	10280260	1029.61666667
chr13	10280261	10280825	944.166666667
chr13	10280826	10281159	899.866666667
chr13	10281160	10281581	859.35
chr13	10281582	10281809	850.95
chr13	10281810	10282335	832.75
chr13	10282336	10282742	828.233333333
chr13	10282743	10283893	737.083333333
chr13	10283894	10284032	683.166666667
chr13	10284033	10284703	688.666666667
chr13	10284704	10285256	741.733333333
chr13	10285257	10286380	713.866666667
chr13	10286381	10287421	768.866666667
chr13	10287422	10287873	796.8
chr13	10287874	10288056	812.866666667
chr13	10288057	10288902	847.8
chr13	10288903	10289187	897.866666667
chr13	10289188	10289274	926.433333333
chr13	10289275	10289331	937.3
chr13	10289332	10289992	924.466666667
chr13	10289993	10290416	958.8
chr13	10290417	10291212	1051.96666667
chr13	10291213	10291577	1102.46666667
chr13	10291578	10291647	1108.93333333
chr13	10291648	10292252	1100.9
chr13	10292253	10292961	1060.05
chr13	10292962	10293081	1059.51666667
chr13	10293082	10293526	934.9
chr13	10293527	10294359	842.683333333
chr13	10294360	10296141	837.35
chr13	10296142	10297884	819.3
chr13	10297885	10298220	819.816666667
chr13	10298221	10298494	819.816666667
chr13	10298495	10299548	819.816666667
chr13	10299549	10299568	830.4
chr13	10299569	10299701	911.733333333
chr13	10299702	10299767	949.533333333
chr13	10299768	10300797	945.383333333
chr13	10300798	10300805	967.383333333
chr13	10300806	10300990	1042.45
chr13	10300991	10301683	1057.13333333
chr13	10301684	10303298	1066.93333333
chr13	10303299	10303738	1011.06666667
chr13	10303739	10303764	983.466666667
chr13	10303765	10303797	967.733333333
chr13	10303798	10303814	931.5
chr13	10303815	10304172	877.5
chr13	10304173	10304367	811.6
chr13	10304368	10304419	763.466666667
chr13	10304420	10305633	702.4
chr13	10305634	10305909	635.233333333
