chr13	9179795	9180244	793.2
chr13	9180245	9181109	793.2
chr13	9181110	9181530	793.2
chr13	9181531	9182106	793.2
chr13	9182107	9183015	793.233333333
chr13	9183016	9183081	803.533333333
chr13	9183082	9183245	1169.26666667
chr13	9183246	9183269	1881.5
chr13	9183270	9183360	1881.4
chr13	9183361	9183427	1881.4
chr13	9183428	9183519	1881.4
chr13	9183520	9184240	1982.66666667
chr13	9184241	9184547	2040.2
chr13	9184548	9184646	2097.73333333
chr13	9184647	9185384	2097.73333333
chr13	9185385	9186143	2097.73333333
chr13	9186144	9186422	2097.73333333
chr13	9186423	9186434	2097.73333333
chr13	9186435	9186590	2145.26666667
chr13	9186591	9186713	2177.4
chr13	9186714	9188079	2177.4
chr13	9188080	9188964	2177.4
chr13	9188965	9190078	2345.33333333
chr13	9190079	9190122	2345.33333333
chr13	9190123	9190172	2345.33333333
chr13	9190173	9190230	2345.33333333
chr13	9190231	9190997	2344.9
chr13	9190998	9191016	2344.9
chr13	9191017	9191189	2344.9
chr13	9191190	9191226	2344.9
chr13	9191227	9191357	1577.26666667
chr13	9191358	9191702	1577.26666667
chr13	9191703	9191829	1598.1
chr13	9191830	9192153	1714.63333333
chr13	9192154	9192469	1714.6
chr13	9192470	9192654	1724.06666667
chr13	9192655	9193130	1358.33333333
chr13	9193131	9193413	646.1
chr13	9193414	9193751	646.1
chr13	9193752	9193889	646.1
chr13	9193890	9193906	646.1
chr13	9193907	9193958	544.833333333
chr13	9193959	9194067	487.3
chr13	9194068	9194232	429.766666667
chr13	9194233	9194312	429.766666667
chr13	9194313	9194766	429.766666667
chr13	9194767	9194829	429.766666667
chr13	9194830	9195107	429.766666667
chr13	9195108	9195801	382.233333333
chr13	9195802	9195819	350.0
chr13	9195820	9195994	350.0
chr13	9195995	9197337	350.0
chr13	9197338	9197460	333.2
chr13	9197461	9197894	537.6
chr13	9197895	9198480	537.6
chr13	9198481	9198487	537.6
chr13	9198488	9198502	540.5
chr13	9198503	9198592	952.8
chr13	9198593	9198613	957.266666667
chr13	9198614	9198737	957.266666667
chr13	9198738	9200821	966.933333333
chr13	9200822	9200908	1106.93333333
chr13	9200909	9201537	1086.1
chr13	9201538	9202346	969.566666667
chr13	9202347	9202955	969.566666667
chr13	9202956	9203209	972.9
chr13	9203210	9204219	1197.6
chr13	9204220	9204516	1197.6
chr13	9204517	9207177	1197.6
chr13	9207178	9207274	1197.6
chr13	9207275	9207347	1792.36666667
chr13	9207348	9208683	2287.46666667
chr13	9208684	9208916	2287.46666667
chr13	9208917	9209651	2287.46666667
chr13	9209652	9209831	2287.46666667
chr13	9209832	9210059	2360.43333333
chr13	9210060	9211075	2446.63333333
chr13	9211076	9211846	2508.66666667
chr13	9211847	9212677	2602.3
chr13	9212678	9213576	2602.3
chr13	9213577	9213873	2602.3
chr13	9213874	9214770	2602.3
chr13	9214771	9214868	2451.16666667
chr13	9214869	9215031	2247.76666667
chr13	9215032	9215171	2253.23333333
chr13	9215172	9216317	2253.23333333
chr13	9216318	9216502	2569.1
chr13	9216503	9216511	2640.96666667
chr13	9216512	9216614	2687.66666667
chr13	9216615	9216781	2887.06666667
chr13	9216782	9217014	2935.0
chr13	9217015	9218063	3165.5
chr13	9218064	9218248	3212.63333333
chr13	9218249	9218715	3297.73333333
chr13	9218716	9218730	4152.23333333
chr13	9218731	9218741	4660.7
chr13	9218742	9218773	4776.93333333
chr13	9218774	9218782	8038.06666667
chr13	9218783	9219361	8573.26666667
chr13	9219362	9220243	8573.26666667
chr13	9220244	9220318	7979.76666667
chr13	9220319	9220637	9586.63333333
chr13	9220638	9221285	10775.8333333
chr13	9221286	9221542	10776.0
chr13	9221543	9221707	10776.0
chr13	9221708	9221864	10703.0333333
chr13	9221865	9222220	10616.8333333
chr13	9222221	9222524	10565.4666667
chr13	9222525	9222593	10832.8
chr13	9222594	9223130	10865.5
chr13	9223131	9223637	10865.5
chr13	9223638	9224208	10865.5
chr13	9224209	9224610	10865.5
chr13	9224611	9224906	10867.9
chr13	9224907	9225338	10897.5
chr13	9225339	9225756	11015.3
chr13	9225757	9226589	10723.7666667
chr13	9226590	9227186	10239.6
chr13	9227187	9227313	10358.5333333
chr13	9227314	9227339	11210.4
chr13	9227340	9227389	11299.7333333
chr13	9227390	9227415	11084.1
chr13	9227416	9227550	12972.4
chr13	9227551	9230187	13234.0
chr13	9230188	9230255	13946.9333333
chr13	9230256	9230261	13516.4666667
chr13	9230262	9230457	13371.6666667
chr13	9230458	9230461	0.0
chr13	9230462	9230507	10110.5333333
chr13	9230508	9230754	9575.33333333
chr13	9230755	9230892	9575.33333333
chr13	9230893	9231747	9574.06666667
chr13	9231748	9231940	7472.1
chr13	9231941	9232008	6282.9
chr13	9232009	9232694	6282.73333333
chr13	9232695	9233347	6282.73333333
chr13	9233348	9233561	6282.73333333
chr13	9233562	9234349	6282.73333333
chr13	9234350	9234688	6272.06666667
chr13	9234689	9234867	5911.1
chr13	9234868	9234972	5878.4
chr13	9234973	9235242	5878.4
chr13	9235243	9236443	5878.4
chr13	9236444	9237722	5878.4
chr13	9237723	9237928	5875.0
chr13	9237929	9238525	5839.93333333
chr13	9238526	9239585	5722.13333333
chr13	9239586	9240940	5694.9
chr13	9240941	9242328	5823.23333333
chr13	9242329	9242663	5840.86666667
chr13	9242664	9243079	4789.6
chr13	9243080	9243257	4617.73333333
chr13	9243258	9243431	4462.86666667
chr13	9243432	9244540	2527.43333333
chr13	9244541	9245333	2415.16666667
chr13	9245334	9245645	1689.63333333
chr13	9245646	9246612	1615.36666667
chr13	9246613	9247674	1548.03333333
chr13	9247675	9247742	2994.73333333
chr13	9247743	9247787	2994.76666667
chr13	9247788	9248410	2994.76666667
chr13	9248411	9248523	2994.76666667
chr13	9248524	9248591	3020.6
chr13	9248592	9248616	3020.6
chr13	9248617	9249556	3020.6
chr13	9249557	9249584	3407.7
chr13	9249585	9249630	3499.86666667
chr13	9249631	9249847	3550.43333333
chr13	9249848	9249854	3550.43333333
chr13	9249855	9249934	3615.23333333
chr13	9249935	9250014	3615.23333333
chr13	9250015	9250986	3615.23333333
chr13	9250987	9251966	3615.23333333
chr13	9251967	9252570	3615.23333333
chr13	9252571	9252651	3615.23333333
chr13	9252652	9252825	3615.36666667
chr13	9252826	9253519	4654.9
chr13	9253520	9253746	4654.9
chr13	9253747	9253961	4526.56666667
chr13	9253962	9254898	4338.83333333
chr13	9254899	9255358	4338.83333333
chr13	9255359	9255412	4343.0
chr13	9255413	9255985	4677.93333333
chr13	9255986	9255998	4847.73333333
chr13	9255999	9256918	4629.36666667
chr13	9256919	9256957	4362.73333333
chr13	9256958	9257377	5214.6
chr13	9257378	9257759	5141.8
chr13	9257760	9257890	5295.9
chr13	9257891	9258592	5295.86666667
chr13	9258593	9258666	5431.7
chr13	9258667	9258838	5431.96666667
chr13	9258839	9259212	5406.66666667
chr13	9259213	9259397	5406.66666667
chr13	9259398	9259646	5406.66666667
chr13	9259647	9259653	5019.56666667
chr13	9259654	9259796	4927.4
chr13	9259797	9259920	5071.1
chr13	9259921	9260810	5095.63333333
chr13	9260811	9260999	5030.83333333
chr13	9261000	9262341	5030.83333333
chr13	9262342	9262574	5030.83333333
chr13	9262575	9263990	5389.03333333
chr13	9263991	9265722	5389.03333333
chr13	9265723	9265831	5389.03333333
chr13	9265832	9266158	5388.9
chr13	9266159	9266369	4349.36666667
chr13	9266370	9266596	4349.36666667
chr13	9266597	9266773	4380.53333333
chr13	9266774	9267111	5453.73333333
chr13	9267112	9267510	5453.73333333
chr13	9267511	9268717	5566.33333333
chr13	9268718	9269034	5341.13333333
chr13	9269035	9269325	5201.93333333
chr13	9269326	9269388	5243.46666667
chr13	9269389	9269987	4668.2
chr13	9269988	9270113	4272.26666667
chr13	9270114	9270446	4216.26666667
chr13	9270447	9271672	2615.46666667
chr13	9271673	9271704	2615.46666667
chr13	9271705	9271745	2484.9
chr13	9271746	9271760	2484.63333333
chr13	9271761	9271903	2484.1
chr13	9271904	9272078	2720.3
chr13	9272079	9272722	2720.3
chr13	9272723	9272748	2721.06666667
chr13	9272749	9273502	2721.13333333
chr13	9273503	9275015	2526.86666667
chr13	9275016	9275601	2589.5
chr13	9275602	9275918	2712.46666667
chr13	9275919	9276756	2712.46666667
chr13	9276757	9277507	2712.46666667
chr13	9277508	9277776	2354.26666667
chr13	9277777	9278478	2354.26666667
chr13	9278479	9278482	0.0
chr13	9278483	9278582	2604.93333333
chr13	9278583	9278623	2604.93333333
chr13	9278624	9278763	2604.93333333
chr13	9278764	9278855	2604.93333333
chr13	9278856	9279275	2593.1
chr13	9279276	9279451	1519.9
chr13	9279452	9280125	1528.6
chr13	9280126	9281240	1411.83333333
chr13	9281241	9282246	1302.1
chr13	9282247	9283554	1271.5
chr13	9283555	9286216	1523.3
chr13	9286217	9286608	1533.63333333
chr13	9286609	9287283	1050.86666667
chr13	9287284	9287568	1050.86666667
chr13	9287569	9288080	1074.06666667
chr13	9288081	9288367	1645.4
chr13	9288368	9288452	1791.36666667
chr13	9288453	9289096	1975.53333333
chr13	9289097	9289934	2121.86666667
chr13	9289935	9290376	1923.66666667
chr13	9290377	9291113	1923.66666667
chr13	9291114	9291783	1922.9
chr13	9291784	9292287	1922.83333333
chr13	9292288	9292429	1922.83333333
chr13	9292430	9292638	1835.66666667
chr13	9292639	9293849	1714.4
chr13	9293850	9294434	1837.4
chr13	9294435	9294569	1838.03333333
chr13	9294570	9294805	1838.03333333
chr13	9294806	9295081	1838.03333333
chr13	9295082	9295628	1587.36666667
chr13	9295629	9296097	1587.36666667
chr13	9296098	9296296	1587.36666667
chr13	9296297	9296381	1618.2
chr13	9296382	9297003	1598.86666667
chr13	9297004	9297154	1598.86666667
chr13	9297155	9297189	1591.23333333
chr13	9297190	9297983	1750.6
chr13	9297984	9298045	1750.6
chr13	9298046	9298865	1750.6
chr13	9298866	9300118	1441.2
chr13	9300119	9300660	1430.86666667
chr13	9300661	9300818	1769.83333333
chr13	9300819	9300850	1794.56666667
chr13	9300851	9301532	1906.46666667
chr13	9301533	9302948	1347.83333333
chr13	9302949	9303072	1196.6
chr13	9303073	9303250	1012.43333333
chr13	9303251	9304107	866.1
chr13	9304108	9304247	828.1
chr13	9304248	9304655	830.8
chr13	9304656	9304834	830.8
chr13	9304835	9305183	830.8
chr13	9305184	9306306	830.8
chr13	9306307	9306323	830.8
chr13	9306324	9306584	829.1
chr13	9306585	9306710	706.1
chr13	9306711	9307777	705.466666667
chr13	9307778	9307799	705.466666667
chr13	9307800	9309043	705.466666667
chr13	9309044	9309682	705.466666667
chr13	9309683	9312020	705.466666667
chr13	9312021	9312238	705.466666667
chr13	9312239	9314929	674.633333333
chr13	9314930	9316072	674.633333333
chr13	9316073	9317079	674.633333333
chr13	9317080	9317344	673.566666667
chr13	9317345	9317417	514.2
chr13	9317418	9317461	514.2
chr13	9317462	9319454	514.2
chr13	9319455	9319865	514.2
chr13	9319866	9320571	514.2
chr13	9320572	9320889	175.233333333
chr13	9320890	9321761	150.533333333
chr13	9321762	9322105	186.1
chr13	9322106	9322145	174.3
chr13	9322146	9322603	174.3
chr13	9322604	9323423	174.3
chr13	9323424	9324410	174.3
chr13	9324411	9324448	174.3
chr13	9324449	9324505	171.6
chr13	9324506	9325097	171.6
chr13	9325098	9325357	324.933333333
chr13	9325358	9326137	324.933333333
chr13	9326138	9328385	324.933333333
chr13	9328386	9328467	324.933333333
chr13	9328468	9328897	324.933333333
chr13	9328898	9329146	324.933333333
chr13	9329147	9329617	324.933333333
chr13	9329618	9330087	324.933333333
chr13	9330088	9330703	324.933333333
chr13	9330704	9330733	324.933333333
chr13	9330734	9331958	338.233333333
chr13	9331959	9332365	338.233333333
chr13	9332366	9332987	338.233333333
chr13	9332988	9333252	423.433333333
chr13	9333253	9333503	423.433333333
chr13	9333504	9333972	423.433333333
chr13	9333973	9334071	423.433333333
chr13	9334072	9334130	458.0
chr13	9334131	9334278	691.766666667
chr13	9334279	9335375	691.766666667
chr13	9335376	9336010	691.766666667
chr13	9336011	9336502	691.733333333
chr13	9336503	9336640	521.066666667
chr13	9336641	9336760	523.933333333
chr13	9336761	9337204	579.166666667
chr13	9337205	9337905	669.166666667
chr13	9337906	9338102	669.3
chr13	9338103	9339680	669.3
chr13	9339681	9340625	669.3
chr13	9340626	9340726	669.3
chr13	9340727	9342579	838.766666667
chr13	9342580	9342856	838.766666667
chr13	9342857	9343502	838.766666667
chr13	9343503	9343605	838.766666667
chr13	9343606	9344201	838.766666667
chr13	9344202	9346083	838.766666667
chr13	9346084	9346266	838.766666667
chr13	9346267	9347139	838.766666667
chr13	9347140	9348179	870.066666667
chr13	9348180	9348384	874.166666667
chr13	9348385	9348538	860.866666667
chr13	9348539	9349531	870.1
chr13	9349532	9349677	965.1
chr13	9349678	9350443	879.9
chr13	9350444	9350668	879.9
chr13	9350669	9351424	879.9
chr13	9351425	9351724	879.9
chr13	9351725	9353197	862.066666667
chr13	9353198	9353218	628.3
chr13	9353219	9353429	652.8
chr13	9353430	9353440	652.8
chr13	9353441	9353893	652.8
chr13	9353894	9354320	652.8
chr13	9354321	9354502	649.033333333
chr13	9354503	9355284	593.8
chr13	9355285	9355395	521.633333333
chr13	9355396	9356197	521.5
chr13	9356198	9356409	522.666666667
chr13	9356410	9356754	532.7
chr13	9356755	9357273	657.666666667
chr13	9357274	9357976	334.866666667
chr13	9357977	9358462	334.866666667
chr13	9358463	9359384	334.866666667
chr13	9359385	9360159	334.866666667
chr13	9360160	9362090	334.866666667
chr13	9362091	9363153	337.966666667
chr13	9363154	9363238	337.966666667
chr13	9363239	9363282	337.966666667
chr13	9363283	9364460	306.666666667
chr13	9364461	9364478	302.566666667
chr13	9364479	9364672	302.566666667
chr13	9364673	9364764	293.333333333
chr13	9364765	9365207	198.333333333
chr13	9365208	9368388	198.333333333
chr13	9368389	9369171	198.333333333
chr13	9369172	9369182	198.333333333
chr13	9369183	9369966	198.333333333
chr13	9369967	9370034	182.366666667
chr13	9370035	9370141	248.1
chr13	9370142	9370317	223.6
chr13	9370318	9371452	223.6
chr13	9371453	9372274	242.8
chr13	9372275	9374499	242.8
chr13	9583324	9583755	0.0333333333333
chr13	9583756	9583980	0.0333333333333
chr13	9583981	9584367	0.0333333333333
chr13	9584368	9584529	72.7333333333
chr13	9584530	9585484	72.7333333333
chr13	9585485	9587435	72.7333333333
chr13	9587436	9587440	0.0
chr13	9587441	9588269	72.7333333333
chr13	9588270	9588313	81.8
chr13	9588314	9588491	81.8
chr13	9588492	9589048	81.8
chr13	9589049	9589340	81.8
chr13	9589341	9589574	81.8
chr13	9589575	9589864	81.8
chr13	9589865	9590109	81.8
chr13	9590110	9590364	81.8
chr13	9590365	9590680	81.8
chr13	9590681	9591504	81.8
chr13	9591505	9592234	81.8
chr13	9592235	9592727	81.8
chr13	9592728	9592959	120.5
chr13	9592960	9593738	120.5
chr13	9593739	9593860	120.666666667
chr13	9593861	9594371	126.333333333
chr13	9594372	9594543	126.333333333
chr13	9594544	9594708	126.3
chr13	9594709	9594970	126.3
chr13	9594971	9595144	126.3
chr13	9595145	9595729	126.3
chr13	9595730	9595789	126.3
chr13	9595790	9596211	346.6
chr13	9596212	9596240	650.6
chr13	9596241	9596373	650.6
chr13	9596374	9596600	650.6
chr13	9596601	9597607	577.9
chr13	9597608	9599524	577.9
chr13	9599525	9599531	577.9
chr13	9599532	9599748	577.9
chr13	9599749	9601405	568.833333333
chr13	9601406	9602519	568.833333333
chr13	9602520	9602874	568.833333333
chr13	9602875	9603124	568.833333333
chr13	9603125	9604337	568.833333333
chr13	9604338	9604603	568.833333333
chr13	9604604	9604720	568.833333333
chr13	9604721	9605012	568.833333333
chr13	9605013	9605624	568.833333333
chr13	9605625	9606953	568.833333333
chr13	9606954	9607350	568.833333333
chr13	9607351	9608689	568.833333333
chr13	9608690	9608711	530.133333333
chr13	9608712	9609043	530.133333333
chr13	9609044	9609200	529.966666667
chr13	9609201	9609467	524.3
chr13	9609468	9609528	524.3
chr13	9609529	9609717	524.3
chr13	9609718	9609787	524.3
chr13	9609788	9609968	661.3
chr13	9609969	9610928	661.8
chr13	9610929	9610967	661.8
chr13	9610968	9611087	441.5
chr13	9611088	9611156	137.5
chr13	9611157	9611969	137.5
chr13	9611970	9612084	137.5
chr13	9612085	9612540	137.5
chr13	9612541	9612969	137.5
chr13	9612970	9613013	137.5
chr13	9613014	9613062	141.5
chr13	9613063	9613297	145.933333333
chr13	9613298	9614944	145.933333333
chr13	9614945	9615598	145.933333333
chr13	9615599	9616815	145.933333333
chr13	9616816	9617053	145.933333333
chr13	9617054	9617174	145.933333333
chr13	9617175	9617199	145.933333333
chr13	9617200	9617380	145.933333333
chr13	9617381	9617652	145.933333333
chr13	9617653	9617765	145.933333333
chr13	9617766	9617783	145.933333333
chr13	9617784	9618113	145.933333333
chr13	9618114	9618171	145.933333333
chr13	9618172	9618260	146.0
chr13	9618261	9619359	212.933333333
chr13	9619360	9620463	212.933333333
chr13	9620464	9621395	212.933333333
chr13	9621396	9621737	212.933333333
chr13	9621738	9621816	212.933333333
chr13	9621817	9621905	75.9333333333
chr13	9621906	9622745	75.4333333333
chr13	9622746	9624110	172.766666667
chr13	9624111	9626880	172.766666667
chr13	9626881	9627215	172.766666667
chr13	9627216	9627347	172.766666667
chr13	9627348	9627506	172.766666667
chr13	9627507	9627941	172.766666667
chr13	9627942	9627963	191.633333333
chr13	9627964	9628637	191.633333333
chr13	9628638	9629281	187.633333333
chr13	9629282	9629478	183.2
chr13	9629479	9629784	183.2
chr13	9629785	9629822	215.133333333
chr13	9629823	9629891	215.133333333
chr13	9629892	9630436	215.133333333
chr13	9630437	9630443	215.133333333
chr13	9630444	9630642	215.133333333
chr13	9630643	9630760	219.366666667
chr13	9630761	9630790	220.8
chr13	9630791	9630854	220.8
chr13	9630855	9631172	220.8
chr13	9631173	9631227	220.8
chr13	9631228	9632118	220.8
chr13	9632119	9632504	220.733333333
chr13	9632505	9633107	153.8
chr13	9633108	9633377	153.8
chr13	9633378	9634219	153.8
chr13	9634220	9635308	167.066666667
chr13	9635309	9635378	167.066666667
chr13	9635379	9635398	167.066666667
chr13	9635399	9635487	167.066666667
chr13	9635488	9636464	69.7333333333
chr13	9636465	9637869	69.7333333333
chr13	9637870	9638720	69.7333333333
chr13	9638721	9638729	69.7333333333
chr13	9638730	9638738	69.7333333333
chr13	9638739	9639038	71.2666666667
chr13	9639039	9639137	260.2
chr13	9639138	9639349	260.2
chr13	9639350	9639572	264.833333333
chr13	9639573	9639600	264.833333333
chr13	9639601	9639821	264.833333333
chr13	9639822	9640743	232.9
chr13	9640744	9640753	232.9
chr13	9640754	9640873	232.9
chr13	9640874	9641648	345.2
chr13	9641649	9642247	345.2
chr13	9642248	9642254	340.966666667
chr13	9642255	9642269	388.6
chr13	9642270	9642361	388.7
chr13	9642362	9642382	388.7
chr13	9642383	9642759	388.7
chr13	9642760	9643000	388.7
chr13	9643001	9643404	388.7
chr13	9643405	9644015	388.7
chr13	9644016	9644882	388.7
chr13	9644883	9644905	388.7
chr13	9644906	9644924	375.433333333
chr13	9644925	9645007	507.7
chr13	9645008	9645515	507.7
chr13	9645516	9646004	507.7
chr13	9646005	9646865	507.7
chr13	9646866	9648762	507.7
chr13	9648763	9649538	507.7
chr13	9649539	9649803	507.7
chr13	9649804	9650491	507.7
chr13	9650492	9651109	506.166666667
chr13	9651110	9651260	298.366666667
chr13	9651261	9651392	298.366666667
chr13	9651393	9651434	293.733333333
chr13	9651435	9652738	293.733333333
chr13	9652739	9653102	293.733333333
chr13	9653103	9653590	293.733333333
chr13	9653591	9653993	293.733333333
chr13	9653994	9654981	295.933333333
chr13	9654982	9655170	183.633333333
chr13	9655171	9655995	183.633333333
chr13	9655996	9656119	183.633333333
chr13	9656120	9656131	134.566666667
chr13	9656132	9657678	541.866666667
chr13	9657679	9657773	595.366666667
chr13	9657774	9657926	595.366666667
chr13	9657927	9658006	595.366666667
chr13	9658007	9658214	595.566666667
chr13	9658215	9658485	595.566666667
chr13	9658486	9659826	595.566666667
chr13	9659827	9660125	595.566666667
chr13	9660126	9660394	595.566666667
chr13	9660395	9660689	463.3
chr13	9660690	9661081	463.3
chr13	9661082	9661225	463.3
chr13	9661226	9661261	588.066666667
chr13	9661262	9662290	588.066666667
chr13	9662291	9662630	588.066666667
chr13	9662631	9663469	588.066666667
chr13	9663470	9663531	588.066666667
chr13	9663532	9663677	588.066666667
chr13	9663678	9663993	588.066666667
chr13	9663994	9664974	588.066666667
chr13	9664975	9665082	588.066666667
chr13	9665083	9666409	588.066666667
chr13	9666410	9666743	588.066666667
chr13	9666744	9666748	0.0
chr13	9666749	9667017	588.066666667
chr13	9667018	9667353	588.166666667
chr13	9667354	9667365	585.966666667
chr13	9667366	9668018	585.966666667
chr13	9668019	9668655	585.966666667
chr13	9668656	9668756	585.966666667
chr13	9668757	9668804	585.966666667
chr13	9668805	9668820	178.566666667
chr13	9668821	9668843	125.433333333
chr13	9668844	9668900	125.433333333
chr13	9668901	9670278	592.066666667
chr13	9670279	9670724	591.866666667
chr13	9670725	9671592	820.666666667
chr13	9671593	9671996	820.666666667
chr13	9671997	9672073	820.666666667
chr13	9672074	9672578	823.133333333
chr13	9672579	9674513	823.133333333
chr13	9674514	9674894	823.133333333
chr13	9674895	9675218	823.133333333
chr13	9675219	9676573	698.366666667
chr13	9676574	9676579	698.366666667
chr13	9676580	9677091	698.366666667
chr13	9677092	9677145	698.366666667
chr13	9677146	9678712	698.366666667
chr13	9678713	9678774	698.366666667
chr13	9678775	9679199	698.366666667
chr13	9679200	9680023	698.366666667
chr13	9680024	9680575	698.366666667
chr13	9680576	9680998	698.366666667
chr13	9680999	9681081	698.366666667
chr13	9681082	9683760	698.366666667
chr13	9683761	9684203	698.266666667
chr13	9684204	9684418	698.266666667
chr13	9684419	9684855	698.266666667
chr13	9684856	9685703	698.266666667
chr13	9685704	9686063	698.266666667
chr13	9686064	9686071	698.3
chr13	9686072	9686359	698.3
chr13	9686360	9686381	697.933333333
chr13	9686382	9686675	697.933333333
chr13	9686676	9687525	631.3
chr13	9687526	9687847	683.966666667
chr13	9687848	9688325	676.9333333333
chr13	9688326	9689764	676.9333333333
chr13	9689765	9689937	676.9333333333
chr13	9689938	9690344	674.4666666667
chr13	9690345	9690881	674.4666666667
chr13	9690882	9690974	674.4666666667
chr13	9690975	9691427	674.4666666667
chr13	9691428	9691726	674.4666666667
chr13	9691727	9691815	674.4666666667
chr13	9691816	9694335	674.4666666667
chr13	9694336	9694419	674.4666666667
chr13	9694420	9694843	674.4666666667
chr13	9694844	9695305	674.4666666667
chr13	9695306	9695642	674.4666666667
chr13	9695643	9697346	674.4666666667
chr13	9697347	9697503	674.4666666667
chr13	9697504	9697675	674.4666666667
chr13	9697676	9698201	674.4666666667
chr13	9698202	9698217	674.4666666667
chr13	9698218	9698726	674.4666666667
chr13	9698727	9699325	674.4666666667
chr13	9699326	9699339	674.4666666667
chr13	9699340	9699407	674.4666666667
chr13	9699408	9699656	674.4666666667
chr13	9699657	9699676	674.4333333333
chr13	9699677	9699870	674.4333333333
chr13	9699871	9700838	674.4333333333
chr13	9700839	9700895	674.4333333333
chr13	9700896	9701160	674.4333333333
chr13	9701161	9704026	621.7666666667
chr13	9704027	9704188	600.0
chr13	9704189	9704204	600.0
chr13	9704205	9704621	600.0
chr13	9704622	9707280	600.0
chr13	9707281	9707291	621.4666666667
chr13	9707292	9707297	621.4666666667
chr13	9707298	9707327	621.4666666667
chr13	9707328	9707430	621.4666666667
chr13	9707431	9707483	621.4666666667
chr13	9707484	9707768	621.4666666667
chr13	9707769	9707786	621.4666666667
chr13	9707787	9708992	621.4666666667
chr13	9708993	9711407	621.4666666667
chr13	9711408	9712262	621.4666666667
chr13	9712263	9715658	621.4666666667
chr13	9715659	9716284	321.4666666667
chr13	9716285	9717628	321.4666666667
chr13	9717629	9717930	321.4666666667
chr13	9717931	9718057	321.4666666667
chr13	9718058	9718617	321.4666666667
chr13	9718618	9718763	321.4666666667
chr13	9718764	9720744	363.8666666667
chr13	9720745	9720790	363.8666666667
chr13	9720791	9721489	363.8666666667
chr13	9721490	9721949	363.8666666667
chr13	9721950	9722489	363.8666666667
chr13	9722490	9724061	100.2
chr13	9724062	9724755	100.2
chr13	9724756	9726000	100.2
chr13	9726001	9726487	100.2
chr13	9726488	9727747	101.066666667
chr13	9727748	9728007	101.066666667
chr13	9728008	9728043	115.233333333
chr13	9728044	9728127	115.233333333
chr13	9728128	9728285	393.7666666667
chr13	9728286	9729057	393.7666666667
chr13	9729058	9729794	121.566666667
chr13	9729795	9729851	121.7
chr13	9729852	9730446	121.7
chr13	9730447	9731042	121.7
chr13	9731043	9731226	121.7
chr13	9731227	9732061	121.7
chr13	9732062	9732083	121.7
chr13	9732084	9732127	123.8
chr13	9732128	9732643	123.8
chr13	9732644	9732992	123.8
chr13	9732993	9733063	123.8
chr13	9733064	9733755	127.633333333
chr13	9733756	9734119	132.066666667
chr13	9734120	9734142	135.466666667
chr13	9734143	9734515	135.466666667
chr13	9734516	9734940	393.0666666667
chr13	9734941	9735125	393.0666666667
chr13	9735126	9735503	393.0666666667
chr13	9735504	9735510	118.8
chr13	9735511	9735581	118.8
chr13	9735582	9737047	382.4666666667
chr13	9737048	9738001	382.4666666667
chr13	9738002	9738033	382.4666666667
chr13	9738034	9738186	382.4666666667
chr13	9738187	9738231	119.733333333
chr13	9738232	9738236	300.0
chr13	9738237	9738441	138.433333333
chr13	9738442	9739448	124.266666667
chr13	9739449	9739584	124.266666667
chr13	9739585	9740737	124.266666667
chr13	9740738	9741048	124.266666667
chr13	9741049	9741326	396.4666666667
chr13	9741327	9741515	396.3333333333
chr13	9741516	9742044	396.3333333333
chr13	9742045	9743540	396.3333333333
chr13	9743541	9744721	396.3333333333
chr13	9744722	9745847	396.3333333333
chr13	9745848	9746312	396.3333333333
chr13	9746313	9746586	394.2333333333
chr13	9746587	9746601	394.2333333333
chr13	9746602	9746922	394.2333333333
chr13	9746923	9747470	394.2333333333
chr13	9747471	9749101	390.4
chr13	9749102	9749200	385.9666666667
chr13	9749201	9749297	390.1
chr13	9749298	9749306	390.1
chr13	9749307	9749315	390.1
chr13	9749316	9749706	390.1
chr13	9749707	9749938	390.1
chr13	9749939	9750087	364.3666666667
chr13	9750088	9750128	364.3666666667
chr13	9750129	9750635	364.3666666667
chr13	9750636	9752228	364.3666666667
chr13	9752229	9753008	364.3666666667
chr13	9753009	9753186	364.3666666667
chr13	9753187	9753656	342.8333333333
chr13	9753657	9753996	125.6
chr13	9753997	9754589	196.833333333
chr13	9754590	9756061	246.533333333
chr13	9756062	9757517	246.533333333
chr13	9757518	9758109	372.366666667
chr13	9758110	9758290	372.366666667
chr13	9758291	9759160	539.2
chr13	9759161	9759166	539.2
chr13	9759167	9759529	539.2
chr13	9759530	9760648	539.2
chr13	9760649	9760714	539.2
chr13	9760715	9761170	539.2
chr13	9761171	9761837	539.2
chr13	9761838	9762513	539.266666667
chr13	9762514	9763138	652.433333333
chr13	9763139	9763752	652.433333333
chr13	9763753	9764197	652.433333333
chr13	9764198	9764796	653.233333333
chr13	9764797	9767103	645.7
chr13	9767104	9767459	645.7
chr13	9767460	9767597	645.7
chr13	9767598	9767681	645.7
chr13	9767682	9768485	645.7
chr13	9768486	9768799	645.7
chr13	9768800	9769171	645.7
chr13	9769172	9769493	645.7
chr13	9769494	9769502	682.366666667
chr13	9769503	9769985	682.366666667
chr13	9769986	9770201	858.266666667
chr13	9770202	9770341	841.666666667
chr13	9770342	9770693	740.2
chr13	9770694	9771482	668.966666667
chr13	9771483	9771649	619.266666667
chr13	9771650	9772095	619.266666667
chr13	9772096	9772114	493.433333333
chr13	9772115	9772284	493.433333333
chr13	9772285	9772484	339.766666667
chr13	9772485	9773486	352.966666667
chr13	9773487	9773822	352.966666667
chr13	9773823	9774933	352.966666667
chr13	9774934	9775442	352.966666667
chr13	9775443	9775614	352.966666667
chr13	9775615	9775980	352.966666667
chr13	9775981	9777095	352.9
chr13	9777096	9777462	239.733333333
chr13	9777463	9777817	239.733333333
chr13	9777818	9778335	239.733333333
chr13	9778336	9778454	238.933333333
chr13	9778455	9778613	245.766666667
chr13	9778614	9779354	296.533333333
chr13	9779355	9779502	296.533333333
chr13	9779503	9780525	388.433333333
chr13	9780526	9780740	388.433333333
chr13	9780741	9781141	388.433333333
chr13	9781142	9781376	388.433333333
chr13	9781377	9782506	388.433333333
chr13	9782507	9785035	352.733333333
chr13	9785036	9785626	815.133333333
chr13	9785627	9785742	639.266666667
chr13	9785743	9785901	672.366666667
chr13	9785902	9786165	690.266666667
chr13	9786166	9786497	690.266666667
chr13	9786498	9787295	690.266666667
chr13	9787296	9788595	943.133333333
chr13	9788596	9789833	943.133333333
chr13	9789834	9790701	943.133333333
chr13	9790702	9790706	0.0
chr13	9790707	9791366	929.966666667
chr13	9791367	9791407	920.2
chr13	9791408	9791570	920.2
chr13	9791571	9791803	920.2
chr13	9791804	9792415	920.2
chr13	9792416	9792573	920.2
chr13	9792574	9792967	1070.76666667
chr13	9792968	9793802	1070.76666667
chr13	9793803	9795519	1070.76666667
chr13	9795520	9795585	1297.0
chr13	9795586	9795594	1297.0
chr13	9795595	9795782	1297.0
chr13	9795783	9796066	1290.16666667
chr13	9796067	9796752	1239.4
chr13	9796753	9797383	1239.4
chr13	9797384	9797530	1147.8
chr13	9797531	9797971	1147.8
chr13	9797972	9798901	1147.8
chr13	9798902	9800082	1147.8
chr13	9800083	9800723	1679.8
chr13	9800724	9801560	1679.06666667
chr13	9801561	9802592	1216.66666667
chr13	9802593	9802707	1216.63333333
chr13	9802708	9803106	1183.53333333
chr13	9803107	9804230	1230.13333333
chr13	9804231	9804490	1238.46666667
chr13	9804491	9804567	1282.5
chr13	9804568	9805044	1029.63333333
chr13	9805045	9805224	1029.63333333
chr13	9805225	9805477	1029.63333333
chr13	9805478	9805854	1029.63333333
chr13	9805855	9806123	1026.2
chr13	9806124	9806413	1027.0
chr13	9806414	9806574	1027.0
chr13	9806575	9806732	1027.0
chr13	9806733	9807506	1027.0
chr13	9807507	9807829	876.433333333
chr13	9807830	9807840	876.433333333
chr13	9807841	9808983	876.433333333
chr13	9808984	9810065	650.2
chr13	9810066	9810110	650.2
chr13	9810111	9811135	650.2
chr13	9811136	9811363	653.933333333
chr13	9811364	9811397	653.933333333
chr13	9811398	9811412	653.933333333
chr13	9811413	9811632	653.633333333
chr13	9811633	9812788	870.866666667
chr13	9812789	9814538	932.4
chr13	9814539	9815054	932.4
chr13	9815055	9815721	400.4
chr13	9815722	9815773	412.133333333
chr13	9815774	9817453	506.833333333
chr13	9817454	9818088	506.833333333
chr13	9818089	9818278	506.833333333
chr13	9818279	9818602	442.333333333
chr13	9818603	9819201	453.233333333
chr13	9819202	9820237	409.2
chr13	9820238	9820495	416.766666667
chr13	9820496	9820643	669.3
chr13	9820644	9820684	669.3
chr13	9820685	9820696	669.3
chr13	9820697	9821057	669.3
chr13	9821058	9822066	668.5
chr13	9822067	9823567	668.5
chr13	9823568	9824755	668.5
chr13	9824756	9825691	668.5
chr13	9825692	9826137	668.5
chr13	9826138	9826204	668.5
chr13	9826205	9826401	668.5
chr13	9826402	9826451	668.5
chr13	9826452	9826858	668.5
chr13	9826859	9827285	668.5
chr13	9827286	9827536	664.766666667
chr13	9827537	9827835	664.766666667
chr13	9827836	9828427	664.766666667
chr13	9828428	9828535	664.766666667
chr13	9828536	9828845	447.533333333
chr13	9828846	9828985	386.0
chr13	9828986	9829299	473.166666667
chr13	9829300	9829720	593.466666667
chr13	9829721	9829732	581.5
chr13	9829733	9830335	486.8
chr13	9830336	9830908	486.8
chr13	9830909	9830960	486.8
chr13	9830961	9831316	486.8
chr13	9831317	9831384	467.566666667
chr13	9831385	9832653	1012.46666667
chr13	9832654	9832758	1004.9
chr13	9832759	9833535	752.366666667
chr13	9833536	9834602	752.366666667
chr13	9834603	9834823	752.366666667
chr13	9834824	9835029	752.366666667
chr13	9835030	9835291	801.5
chr13	9835292	9836554	850.633333333
chr13	9836555	9837571	859.233333333
chr13	9837572	9837580	859.233333333
chr13	9837581	9838508	859.233333333
chr13	9838509	9838921	859.233333333
chr13	9838922	9839955	859.233333333
chr13	9839956	9842298	924.1
chr13	9842299	9842980	924.1
chr13	9842981	9843826	947.333333333
chr13	9843827	9843873	947.333333333
chr13	9843874	9845005	947.333333333
chr13	9845006	9845172	947.333333333
chr13	9845173	9845418	947.333333333
chr13	9845419	9845596	976.933333333
chr13	9845597	9845610	976.933333333
chr13	9845611	9845897	889.766666667
chr13	9845898	9846242	769.466666667
chr13	9846243	9846549	769.466666667
chr13	9846550	9847684	914.366666667
chr13	9847685	9849194	914.366666667
chr13	9849195	9850232	914.366666667
chr13	9850233	9850979	914.366666667
chr13	9850980	9851021	914.366666667
chr13	9851022	9851550	369.466666667
chr13	9851551	9852058	369.466666667
chr13	9852059	9852194	369.466666667
chr13	9852195	9852297	369.466666667
chr13	9852298	9853579	369.466666667
chr13	9853580	9853941	416.366666667
chr13	9853942	9854754	367.233333333
chr13	9854755	9854764	318.133333333
chr13	9854765	9854815	424.766666667
chr13	9854816	9855405	424.766666667
chr13	9855406	9855459	424.766666667
chr13	9855460	9855883	424.766666667
chr13	9855884	9856097	424.766666667
chr13	9856098	9856945	359.9
chr13	9856946	9857076	359.9
chr13	9857077	9857462	339.033333333
chr13	9857463	9857815	339.033333333
chr13	9857816	9857877	339.033333333
chr13	9857878	9858094	339.033333333
chr13	9858095	9858591	363.633333333
chr13	9858592	9863087	334.066666667
chr13	9863088	9864355	334.066666667
chr13	9864356	9864389	334.066666667
chr13	9864390	9864961	334.066666667
chr13	9864962	9865180	334.066666667
chr13	9865181	9865555	189.166666667
chr13	9865556	9868189	189.166666667
chr13	9868190	9868454	189.166666667
chr13	9868455	9868511	189.166666667
chr13	9868512	9868518	210.2
chr13	9868519	9868799	210.2
chr13	9868800	9868811	210.2
chr13	9868812	9868922	210.2
chr13	9868923	9869330	210.2
chr13	9869331	9869452	210.2
chr13	9869453	9869766	163.3
chr13	9869767	9872024	163.3
chr13	9872025	9872646	163.266666667
chr13	9872647	9872754	48.0333333333
chr13	9872755	9872911	48.9666666667
chr13	9872912	9873897	48.9666666667
chr13	9873898	9875268	48.9666666667
chr13	9875269	9875836	48.9666666667
chr13	9875837	9875979	48.9666666667
chr13	9875980	9877448	60.7333333333
chr13	9877449	9877538	58.3666666667
chr13	9877539	9877601	58.3666666667
chr13	9877602	9878064	291.333333333
chr13	9878065	9878740	376.266666667
chr13	9878741	9879657	351.666666667
chr13	9879658	9879848	351.633333333
chr13	9879849	9880699	351.633333333
chr13	9880700	9881891	351.633333333
chr13	9881892	9882077	351.633333333
chr13	9882078	9883191	351.633333333
chr13	9883192	9884050	351.633333333
chr13	9884051	9884795	351.633333333
chr13	9884796	9884829	351.633333333
chr13	9884830	9884883	458.9
chr13	9884884	9885729	437.866666667
chr13	9885730	9888214	437.866666667
chr13	9888215	9888266	456.0
chr13	9888267	9888531	456.0
chr13	9888532	9888919	456.0
chr13	9888920	9889978	456.0
chr13	9889979	9890716	456.0
chr13	9890717	9892604	456.0
chr13	9892605	9892938	456.133333333
chr13	9892939	9893280	456.133333333
chr13	9893281	9894282	455.2
chr13	9894283	9896009	455.2
chr13	9896010	9896129	455.2
chr13	9896130	9896460	455.2
chr13	9896461	9899216	455.2
chr13	9899217	9899983	443.433333333
chr13	9899984	9900340	443.433333333
chr13	9900341	9900578	443.433333333
chr13	9900579	9900934	210.466666667
chr13	9900935	9901283	125.533333333
chr13	9901284	9901521	392.866666667
chr13	9901522	9901539	392.866666667
chr13	9901540	9901782	392.866666667
chr13	9901783	9902923	392.866666667
chr13	9902924	9903108	563.7
chr13	9903109	9904890	631.6
chr13	9904891	9905398	631.6
chr13	9905399	9906301	631.6
chr13	9906302	9906458	631.6
chr13	9906459	9906847	524.333333333
chr13	9906848	9907234	524.333333333
chr13	9907235	9907365	544.2
chr13	9907366	9907460	526.066666667
chr13	9907461	9907566	526.066666667
chr13	9907567	9907665	526.066666667
chr13	9907666	9908576	526.066666667
chr13	9908577	9909199	526.066666667
chr13	9909200	9909651	526.066666667
chr13	9909652	9909858	525.933333333
chr13	9909859	9911288	525.933333333
chr13	9911289	9911519	525.933333333
chr13	9911520	9912772	525.933333333
chr13	9912773	9913484	525.933333333
chr13	9913485	9913500	525.933333333
chr13	9913501	9914581	525.933333333
chr13	9914582	9916664	525.933333333
chr13	9916665	9916895	525.933333333
chr13	9916896	9917071	525.933333333
chr13	9917072	9917089	525.933333333
chr13	9917090	9918674	525.933333333
chr13	9918675	9919679	258.6
chr13	9919680	9920218	258.6
chr13	9920219	9920479	258.6
chr13	9920480	9920840	258.6
chr13	9920841	9923290	87.7666666667
chr13	9923291	9923572	19.8666666667
chr13	9923573	9924209	19.8666666667
chr13	9924210	9925171	19.8666666667
chr13	9925172	9926420	88.6666666667
chr13	9926421	9926721	88.6666666667
chr13	9926722	9927260	88.6666666667
chr13	9927261	9927878	68.8
chr13	9927879	9928060	68.8
chr13	9928061	9928563	68.8
chr13	9928564	9928573	68.8
chr13	9928574	9930496	68.8
chr13	9930497	9930699	68.8
chr13	9930700	9931205	68.8
chr13	9931206	9931537	68.8
chr13	9931538	9931794	68.8
chr13	9931795	9931968	68.8
chr13	9931969	9932268	68.8
chr13	9932269	9932385	68.8
chr13	9932386	9933147	68.8
chr13	9933148	9933315	68.8
chr13	9933316	9933596	68.8
chr13	9933597	9933715	68.8
chr13	9933716	9934103	68.8
chr13	9934104	9935002	71.9
chr13	9935003	9935237	187.1
chr13	9935238	9936399	187.1
chr13	9936400	9936584	187.1
chr13	9936585	9937186	208.066666667
chr13	9937187	9937346	210.433333333
chr13	9937347	9937467	210.433333333
chr13	9937468	9938222	210.433333333
chr13	9938223	9939005	210.433333333
chr13	9939006	9939420	210.433333333
chr13	9939421	9939470	141.633333333
chr13	9939471	9939535	141.633333333
chr13	9939536	9940251	141.633333333
chr13	9940252	9941135	141.633333333
chr13	9941136	9941202	141.633333333
chr13	9941203	9941488	141.633333333
chr13	9941489	9941802	253.766666667
chr13	9941803	9941959	253.766666667
chr13	9941960	9942751	253.766666667
chr13	9942752	9943123	278.6
chr13	9943124	9943450	278.6
chr13	9943451	9943532	278.6
chr13	9943533	9943687	278.6
chr13	9943688	9943961	278.6
chr13	9943962	9944296	278.6
chr13	9944297	9944466	278.6
chr13	9944467	9945936	278.6
chr13	9945937	9946316	278.6
chr13	9946317	9946601	278.6
chr13	9946602	9946780	278.6
chr13	9946781	9947349	275.5
chr13	9947350	9948959	160.3
chr13	9948960	9949119	160.3
chr13	9949120	9949287	160.3
chr13	9949288	9950154	139.333333333
chr13	9950155	9950424	136.966666667
chr13	9950425	9950481	136.966666667
chr13	9950482	9950970	136.966666667
chr13	9950971	9951035	151.2
chr13	9951036	9951066	151.2
chr13	9951067	9951155	151.2
chr13	9951156	9951679	151.2
chr13	9951680	9951751	151.2
chr13	9951752	9951801	151.2
chr13	9951802	9952796	151.2
chr13	9952797	9953257	151.3
chr13	9953258	9953583	39.1666666667
chr13	9953584	9954996	39.1666666667
chr13	9954997	9955164	39.1666666667
chr13	9955165	9955764	14.3333333333
chr13	9955765	9956085	14.3333333333
chr13	9956086	9956443	14.3333333333
chr13	9956444	9956798	14.3333333333
chr13	9956799	9957828	14.3333333333
chr13	9957829	9958133	14.3333333333
chr13	9958134	9958663	14.3333333333
chr13	9958664	9958713	54.7333333333
chr13	9958714	9962160	54.7333333333
chr13	9962161	9962219	54.7333333333
chr13	9962220	9962724	58.1333333333
chr13	9962725	9963233	58.1333333333
chr13	9963234	9963247	58.1333333333
chr13	9963248	9963648	58.1333333333
chr13	9963649	9964297	58.1333333333
chr13	9964298	9964333	58.1333333333
chr13	9964334	9964588	58.1333333333
chr13	9964589	9965383	58.1333333333
chr13	9965384	9966610	58.1333333333
chr13	9966611	9966792	43.9
chr13	9966793	9967298	43.9
chr13	9967299	9967375	43.9
chr13	9967376	9968128	43.9
chr13	9968129	9968786	43.9
chr13	9968787	9969898	43.9
chr13	9969899	9972399	43.9
chr13	9972400	9972422	43.8
chr13	9972423	9972755	43.8
chr13	9972756	9973764	53.0333333333
chr13	9973765	9973819	53.0333333333
chr13	9973820	9974662	53.0333333333
chr13	9974663	9974670	53.0333333333
chr13	9974671	9974702	53.0333333333
chr13	9974703	9976676	53.0333333333
chr13	9976677	9976839	53.0333333333
chr13	9976840	9977805	53.0333333333
chr13	9977806	9977951	53.0333333333
chr13	9977952	9978107	12.6333333333
chr13	9978108	9978410	12.6333333333
chr13	9978411	9978904	12.6333333333
chr13	9978905	9979277	9.23333333333
chr13	9979278	9979651	9.23333333333
chr13	9979652	9980127	9.23333333333
chr13	9980128	9981258	9.23333333333
chr13	9981259	9981350	9.23333333333
chr13	9981351	9982186	9.23333333333
chr13	9982187	9982773	9.23333333333
chr13	9982774	9982888	9.23333333333
chr13	9982889	9982990	384.666666667
chr13	9982991	9984126	412.8
chr13	9984127	9984144	412.8
chr13	9984145	9985768	412.8
chr13	9985769	9985806	412.8
chr13	9985807	9985889	412.8
chr13	9985890	9986074	412.8
chr13	9986075	9987019	412.8
chr13	9987020	9987804	412.8
chr13	9987805	9987937	412.8
chr13	9987938	9988218	474.966666667
chr13	9988219	9989303	519.466666667
chr13	9989304	9989799	523.3
chr13	9989800	9989876	523.3
chr13	9989877	9989895	523.3
chr13	9989896	9990563	523.3
chr13	9990564	9991523	536.566666667
chr13	9991524	9991559	536.566666667
chr13	9991560	9991642	536.566666667
chr13	9991643	9991654	536.566666667
chr13	9991655	9991674	536.566666667
chr13	9991675	9991935	536.566666667
chr13	9991936	9992059	536.566666667
chr13	9992060	9992180	536.566666667
chr13	9992181	9993946	536.566666667
chr13	9993947	9994080	536.566666667
chr13	9994081	9994624	536.566666667
chr13	9994625	9995342	536.566666667
chr13	9995343	9996600	536.566666667
chr13	9996601	9996796	536.566666667
chr13	9996797	9999009	161.133333333
chr13	9999010	10001137	133.0
chr13	10001138	10001581	133.0
chr13	10001582	10002394	133.0
chr13	10002395	10002653	133.0
chr13	10002654	10003546	133.0
chr13	10003547	10003778	133.0
chr13	10003779	10003822	133.0
chr13	10003823	10003911	133.0
chr13	10003912	10003978	133.0
chr13	10003979	10004570	61.6
chr13	10004571	10004707	17.1
chr13	10004708	10004822	13.2666666667
chr13	10004823	10005091	13.2666666667
chr13	10005092	10005219	13.2666666667
chr13	10005220	10005601	13.2666666667
chr13	10005602	10005649	0.0
chr13	10005650	10006202	3.36666666667
chr13	10006203	10006262	8.53333333333
chr13	10006263	10006482	8.53333333333
chr13	10006483	10006897	8.53333333333
chr13	10006898	10006941	8.53333333333
chr13	10006942	10007256	8.53333333333
chr13	10007257	10007343	8.53333333333
chr13	10007344	10007731	8.53333333333
chr13	10007732	10007792	61.1666666667
chr13	10007793	10008534	274.866666667
chr13	10008535	10008746	274.866666667
chr13	10008747	10008996	274.866666667
chr13	10008997	10009081	274.866666667
chr13	10009082	10009151	274.866666667
chr13	10009152	10009159	274.866666667
chr13	10009160	10009458	274.866666667
chr13	10009459	10010452	274.866666667
chr13	10010453	10010572	274.866666667
chr13	10010573	10011056	274.866666667
chr13	10011057	10011094	274.866666667
chr13	10011095	10011244	274.866666667
chr13	10011245	10011663	274.866666667
chr13	10011664	10012947	274.866666667
chr13	10012948	10013517	274.866666667
chr13	10013518	10013571	274.866666667
chr13	10013572	10014787	274.866666667
chr13	10014788	10016357	274.866666667
chr13	10016358	10016732	274.866666667
chr13	10016733	10019012	274.866666667
chr13	10019013	10019218	274.866666667
chr13	10019219	10020020	271.5
chr13	10020021	10020398	266.333333333
chr13	10020399	10020632	266.333333333
chr13	10020633	10021398	266.333333333
chr13	10021399	10021583	266.333333333
chr13	10021584	10022141	388.333333333
chr13	10022142	10022162	388.333333333
chr13	10022163	10022214	388.333333333
chr13	10022215	10022247	335.7
chr13	10022248	10022834	122.0
chr13	10022835	10023616	122.0
chr13	10023617	10023938	122.0
chr13	10023939	10024267	122.0
chr13	10024268	10025217	122.0
chr13	10025218	10025275	130.733333333
chr13	10025276	10025918	130.733333333
chr13	10025919	10026871	130.733333333
chr13	10026872	10027027	130.733333333
chr13	10027028	10027832	130.733333333
chr13	10027833	10030417	130.733333333
chr13	10030418	10030782	130.733333333
chr13	10030783	10031338	130.733333333
chr13	10031339	10033308	130.733333333
chr13	10033309	10033431	130.733333333
chr13	10033432	10034817	130.733333333
chr13	10034818	10034822	0.0
chr13	10034823	10035149	130.733333333
chr13	10035150	10035827	130.733333333
chr13	10035828	10036420	130.733333333
chr13	10036421	10036680	130.733333333
chr13	10036681	10037799	130.733333333
chr13	10037800	10038248	130.733333333
chr13	10038249	10038520	130.733333333
chr13	10038521	10038704	130.733333333
chr13	10038705	10038935	130.733333333
chr13	10038936	10039140	130.733333333
chr13	10039141	10039800	8.73333333333
chr13	10039801	10039818	8.73333333333
chr13	10039819	10039939	8.73333333333
chr13	10039940	10040046	8.73333333333
chr13	10040047	10040266	8.73333333333
chr13	10040267	10040340	8.73333333333
chr13	10040341	10040411	8.73333333333
chr13	10040412	10040522	8.73333333333
chr13	10040523	10040913	8.73333333333
chr13	10040914	10042087	0.0
chr13	10042088	10042253	0.0
chr13	10042254	10042384	0.7
chr13	10042385	10042919	59.8666666667
chr13	10042920	10044680	268.7
chr13	10044681	10044715	268.7
chr13	10044716	10044940	268.7
chr13	10044941	10044952	268.7
chr13	10044953	10046945	268.7
chr13	10046946	10047282	268.7
chr13	10047283	10047558	268.7
chr13	10047559	10048119	268.7
chr13	10048120	10049466	268.7
chr13	10049467	10049652	268.7
chr13	10049653	10049745	268.7
chr13	10049746	10049887	268.7
chr13	10049888	10049928	269.033333333
chr13	10049929	10050098	269.033333333
chr13	10050099	10050596	269.033333333
chr13	10050597	10050895	356.166666667
chr13	10050896	10051272	356.166666667
chr13	10051273	10053296	356.166666667
chr13	10053297	10053598	356.166666667
chr13	10053599	10053679	356.166666667
chr13	10053680	10054192	356.166666667
chr13	10054193	10054199	356.166666667
chr13	10054200	10054986	356.166666667
chr13	10054987	10055059	356.166666667
chr13	10055060	10055330	356.166666667
chr13	10055331	10056988	356.166666667
chr13	10056989	10057019	356.166666667
chr13	10057020	10057746	356.166666667
chr13	10057747	10057990	355.466666667
chr13	10057991	10058794	296.3
chr13	10058795	10060000	87.4666666667
chr13	10060001	10060940	87.4666666667
chr13	10060941	10060944	0.0
chr13	10060945	10060979	87.4666666667
chr13	10060980	10061130	87.4666666667
chr13	10061131	10061575	87.4666666667
chr13	10061576	10062944	87.4666666667
chr13	10062945	10063159	87.4666666667
chr13	10063160	10063220	102.4
chr13	10063221	10063643	102.4
chr13	10063644	10063883	102.4
chr13	10063884	10063910	102.4
chr13	10063911	10064247	102.4
chr13	10064248	10064791	102.066666667
chr13	10064792	10065067	102.066666667
chr13	10065068	10065842	102.066666667
chr13	10065843	10066071	14.9333333333
chr13	10066072	10066417	14.9333333333
chr13	10066418	10066452	14.9333333333
chr13	10066453	10067225	14.9333333333
chr13	10067226	10067320	14.9333333333
chr13	10067321	10067335	14.9333333333
chr13	10067336	10067830	14.9333333333
chr13	10067831	10068012	20.7666666667
chr13	10068013	10068950	20.7666666667
chr13	10068951	10069619	46.5666666667
chr13	10069620	10069966	46.5666666667
chr13	10069967	10070388	46.5666666667
chr13	10070389	10070718	46.5666666667
chr13	10070719	10070737	46.6
chr13	10070738	10070760	123.9
chr13	10070761	10071893	123.9
chr13	10071894	10072109	123.9
chr13	10072110	10072245	123.9
chr13	10072246	10072329	123.9
chr13	10072330	10072475	289.166666667
chr13	10072476	10072954	454.433333333
chr13	10072955	10073232	454.433333333
chr13	10073233	10073309	439.5
chr13	10073310	10073803	439.5
chr13	10073804	10074033	439.5
chr13	10074034	10074234	439.5
chr13	10074235	10074387	439.5
chr13	10074388	10074710	439.5
chr13	10074711	10075476	439.5
chr13	10075477	10076006	439.5
chr13	10076007	10077781	439.5
chr13	10077782	10077898	439.5
chr13	10077899	10078249	439.5
chr13	10078250	10078640	439.5
chr13	10078641	10078995	439.5
chr13	10078996	10079014	439.5
chr13	10079015	10079061	439.5
chr13	10079062	10079083	433.666666667
chr13	10079084	10079206	433.666666667
chr13	10079207	10079247	430.0
chr13	10079248	10079386	430.0
chr13	10079387	10080020	430.0
chr13	10080021	10080178	430.0
chr13	10080179	10080223	429.966666667
chr13	10080224	10080727	352.666666667
chr13	10080728	10080894	352.666666667
chr13	10080895	10081155	352.666666667
chr13	10081156	10081349	352.666666667
chr13	10081350	10081479	352.666666667
chr13	10081480	10082815	187.4
chr13	10082816	10083406	22.1333333333
chr13	10083407	10083729	22.1333333333
chr13	10083730	10083747	22.1333333333
chr13	10083748	10085627	233.9
chr13	10085628	10086078	233.9
chr13	10086079	10088044	233.9
chr13	10088045	10089680	233.9
chr13	10089681	10089701	233.9
chr13	10089702	10090712	233.9
chr13	10090713	10090734	233.9
chr13	10090735	10091405	233.9
chr13	10091406	10091872	233.9
chr13	10091873	10092653	233.9
chr13	10092654	10092708	233.9
chr13	10092709	10092937	233.9
chr13	10092938	10092950	236.266666667
chr13	10092951	10092976	412.733333333
chr13	10092977	10093630	473.1
chr13	10093631	10093921	473.1
chr13	10093922	10094294	450.966666667
chr13	10094295	10094624	450.966666667
chr13	10094625	10095547	450.966666667
chr13	10095548	10096169	450.966666667
chr13	10096170	10096175	450.966666667
chr13	10096176	10096198	473.8
chr13	10096199	10096600	473.8
chr13	10096601	10097016	579.5
chr13	10097017	10097361	579.5
chr13	10097362	10097402	579.5
chr13	10097403	10097500	579.5
chr13	10097501	10098255	579.5
chr13	10098256	10098679	579.5
chr13	10098680	10098896	579.5
chr13	10098897	10099571	367.733333333
chr13	10099572	10099666	368.7
chr13	10099667	10099829	368.7
chr13	10099830	10100489	368.7
chr13	10100490	10101692	368.7
chr13	10101693	10102757	368.7
chr13	10102758	10104059	368.7
chr13	10104060	10104272	368.7
chr13	10104273	10105159	368.7
chr13	10105160	10105761	368.7
chr13	10105762	10105870	368.7
chr13	10105871	10106190	368.7
chr13	10106191	10106909	366.333333333
chr13	10106910	10107024	189.866666667
chr13	10107025	10108040	129.5
chr13	10108041	10108169	129.5
chr13	10108170	10109520	129.5
chr13	10109521	10111254	165.066666667
chr13	10111255	10111392	165.066666667
chr13	10111393	10111762	165.066666667
chr13	10111763	10111930	165.066666667
chr13	10111931	10112146	212.0
chr13	10112147	10113070	212.0
chr13	10113071	10114214	106.3
chr13	10114215	10115364	106.3
chr13	10115365	10116602	106.3
chr13	10116603	10118067	106.3
chr13	10118068	10118229	106.3
chr13	10118230	10118249	106.3
chr13	10118250	10118495	106.3
chr13	10118496	10119833	106.3
chr13	10119834	10120629	105.333333333
chr13	10120630	10121044	105.333333333
chr13	10121045	10121231	105.333333333
chr13	10121232	10122603	105.333333333
chr13	10122604	10122904	105.333333333
chr13	10122905	10124678	138.5
chr13	10124679	10124894	138.5
chr13	10124895	10124925	138.5
chr13	10124926	10125124	138.5
chr13	10125125	10125381	138.5
chr13	10125382	10125386	0.0
chr13	10125387	10125589	138.5
chr13	10125590	10125703	138.5
chr13	10125704	10126140	138.5
chr13	10126141	10126226	138.5
chr13	10126227	10126778	138.5
chr13	10126779	10127428	174.833333333
chr13	10127429	10127573	289.266666667
chr13	10127574	10130068	289.266666667
chr13	10130069	10131249	289.266666667
chr13	10131250	10131605	289.266666667
chr13	10131606	10131722	219.5
chr13	10131723	10132479	219.5
chr13	10132480	10132684	219.5
chr13	10132685	10132913	219.5
chr13	10132914	10133064	219.5
chr13	10133065	10134232	219.5
chr13	10134233	10134906	219.5
chr13	10134907	10136009	219.5
chr13	10136010	10137218	219.5
chr13	10137219	10137555	219.5
chr13	10137556	10138843	279.333333333
chr13	10138844	10140101	279.333333333
chr13	10140102	10140898	279.333333333
chr13	10140899	10141605	279.333333333
chr13	10141606	10141654	279.333333333
chr13	10141655	10142014	270.566666667
chr13	10142015	10142026	270.566666667
chr13	10142027	10142142	270.566666667
chr13	10142143	10142165	270.566666667
chr13	10142166	10142669	270.566666667
chr13	10142670	10143205	270.566666667
chr13	10143206	10143593	270.566666667
chr13	10143594	10143812	514.5
chr13	10143813	10144095	514.5
chr13	10144096	10144384	514.5
chr13	10144385	10144388	0.0
chr13	10144389	10144568	478.166666667
chr13	10144569	10145586	328.166666667
chr13	10145587	10146183	328.166666667
chr13	10146184	10146798	328.166666667
chr13	10146799	10147098	328.166666667
chr13	10147099	10147776	328.166666667
chr13	10147777	10148234	340.3
chr13	10148235	10148778	340.3
chr13	10148779	10151004	340.3
chr13	10151005	10151736	351.566666667
chr13	10151737	10152860	351.566666667
chr13	10152861	10154535	351.566666667
chr13	10154536	10154833	351.566666667
chr13	10154834	10155204	363.433333333
chr13	10155205	10155642	363.433333333
chr13	10155643	10155750	342.866666667
chr13	10155751	10156722	405.566666667
chr13	10156723	10158088	405.566666667
chr13	10158089	10160592	405.566666667
chr13	10160593	10160968	405.566666667
chr13	10160969	10163905	381.166666667
chr13	10163906	10163910	0.0
chr13	10163911	10164124	381.166666667
chr13	10164125	10164511	381.166666667
chr13	10164512	10165380	381.166666667
chr13	10165381	10165553	381.166666667
chr13	10165554	10165846	381.166666667
chr13	10165847	10166267	381.166666667
chr13	10166268	10166725	146.766666667
chr13	10166726	10167034	146.766666667
chr13	10167035	10167263	146.766666667
chr13	10167264	10168110	234.533333333
chr13	10168111	10169608	234.533333333
chr13	10169609	10170121	234.533333333
chr13	10170122	10171712	234.533333333
chr13	10171713	10172167	234.566666667
chr13	10172168	10172215	573.133333333
chr13	10172216	10172380	561.0
chr13	10172381	10172507	561.0
chr13	10172508	10173506	561.0
chr13	10173507	10174276	549.733333333
chr13	10174277	10174781	549.733333333
chr13	10174782	10175802	549.733333333
chr13	10175803	10176088	549.733333333
chr13	10176089	10176155	537.866666667
chr13	10176156	10176369	537.866666667
chr13	10176370	10177729	498.6
chr13	10177730	10179539	435.9
chr13	10179540	10179621	435.9
chr13	10179622	10179700	435.9
chr13	10179701	10179776	435.9
chr13	10179777	10180073	435.9
chr13	10180074	10180175	462.7
chr13	10180176	10180308	462.7
chr13	10180309	10180577	462.7
chr13	10180578	10181906	462.7
chr13	10181907	10182100	462.7
chr13	10182101	10182259	463.3
chr13	10182260	10182566	453.766666667
chr13	10182567	10182693	453.766666667
chr13	10182694	10182887	453.766666667
chr13	10182888	10183046	366.0
chr13	10183047	10183256	366.0
chr13	10183257	10183357	366.0
chr13	10183358	10183490	366.0
chr13	10183491	10183621	365.966666667
chr13	10183622	10183752	27.4
chr13	10183753	10184374	73.2333333333
chr13	10184375	10185599	87.8
chr13	10185600	10186411	87.8
chr13	10186412	10186584	87.8
chr13	10186585	10186715	87.8
chr13	10186716	10186926	87.8
chr13	10186927	10186976	87.8
chr13	10186977	10187091	87.8
chr13	10187092	10187806	87.8
chr13	10187807	10187944	87.8
chr13	10187945	10188109	87.8
chr13	10188110	10188235	87.8
chr13	10188236	10188778	148.633333333
chr13	10188779	10188786	251.4
chr13	10188787	10188934	251.4
chr13	10188935	10189303	224.6
chr13	10189304	10189775	224.6
chr13	10189776	10190642	224.6
chr13	10190643	10190658	224.6
chr13	10190659	10191498	224.6
chr13	10191499	10192707	224.0
chr13	10192708	10193287	224.0
chr13	10193288	10193331	237.166666667
chr13	10193332	10193445	237.166666667
chr13	10193446	10193858	237.166666667
chr13	10193859	10193888	237.166666667
chr13	10193889	10195924	237.166666667
chr13	10195925	10197106	237.166666667
chr13	10197107	10197157	237.166666667
chr13	10197158	10197601	281.6
chr13	10197602	10197701	235.766666667
chr13	10197702	10197901	221.2
chr13	10197902	10198360	265.9
chr13	10198361	10200901	265.9
chr13	10200902	10201057	265.9
chr13	10201058	10201303	265.9
chr13	10201304	10201549	265.9
chr13	10201550	10201763	265.9
chr13	10201764	10202387	265.9
chr13	10202388	10202464	265.9
chr13	10202465	10202984	265.9
chr13	10202985	10203148	265.9
chr13	10203149	10204676	205.066666667
chr13	10204677	10204829	102.3
chr13	10204830	10205414	102.3
chr13	10205415	10205445	102.3
chr13	10205446	10206569	102.3
chr13	10206570	10206842	102.3
chr13	10206843	10206960	102.3
chr13	10206961	10206973	102.3
chr13	10206974	10207489	102.3
chr13	10207490	10207543	102.3
chr13	10207544	10208148	89.1333333333
chr13	10208149	10208361	89.1333333333
chr13	10208362	10208591	89.1333333333
chr13	10208592	10208601	89.1333333333
chr13	10208602	10209056	89.1333333333
chr13	10209057	10209674	89.1333333333
chr13	10209675	10209690	89.3
chr13	10209691	10209921	44.8666666667
chr13	10209922	10209979	44.8666666667
chr13	10209980	10210769	44.8666666667
chr13	10210770	10211173	0.166666666667
chr13	10211174	10211465	0.166666666667
chr13	10211466	10211694	0.166666666667
chr13	10211695	10212750	0.166666666667
chr13	10212751	10212764	0.166666666667
chr13	10212765	10213241	0.166666666667
chr13	10213242	10213647	0.166666666667
chr13	10213648	10213770	0.166666666667
chr13	10213771	10214146	11.2
chr13	10214147	10214259	11.2333333333
chr13	10214260	10214727	11.2333333333
chr13	10214728	10216789	11.2333333333
chr13	10216790	10217849	26.5
chr13	10217850	10217932	26.5
chr13	10217933	10218906	26.5
chr13	10218907	10218930	26.5
chr13	10218931	10218991	26.5
chr13	10218992	10219930	26.5
chr13	10219931	10219948	26.5
chr13	10219949	10220993	26.5
chr13	10220994	10221670	26.5
chr13	10221671	10221820	26.5
chr13	10221821	10221858	26.5
chr13	10221859	10222542	26.5
chr13	10222543	10222660	26.5
chr13	10222661	10223040	26.5
chr13	10223041	10223212	26.3333333333
chr13	10223213	10223971	26.3333333333
chr13	10223972	10224198	26.3333333333
chr13	10224199	10225472	26.3333333333
chr13	10225473	10225613	170.666666667
chr13	10225614	10225666	170.666666667
chr13	10225667	10226349	170.666666667
chr13	10226350	10226405	170.7
chr13	10226406	10226538	170.7
chr13	10226539	10226574	170.7
chr13	10226575	10226815	170.7
chr13	10226816	10227410	170.7
chr13	10227411	10227620	159.666666667
chr13	10227621	10227763	159.633333333
chr13	10227764	10227803	159.633333333
chr13	10227804	10228111	159.633333333
chr13	10228112	10228159	144.366666667
chr13	10228160	10228202	144.366666667
chr13	10228203	10228417	144.366666667
chr13	10228418	10228617	144.366666667
chr13	10228618	10229466	144.366666667
chr13	10229467	10230192	144.366666667
chr13	10230193	10230599	144.966666667
chr13	10230600	10231147	144.966666667
chr13	10231148	10231820	144.966666667
chr13	10231821	10231836	144.966666667
chr13	10231837	10231841	0.0
chr13	10231842	10231865	144.966666667
chr13	10231866	10231870	0.0
chr13	10231871	10231882	144.966666667
chr13	10231883	10232594	144.966666667
chr13	10232595	10232685	144.966666667
chr13	10232686	10232899	144.966666667
chr13	10232900	10233599	144.966666667
chr13	10233600	10233637	144.966666667
chr13	10233638	10234109	144.966666667
chr13	10234110	10234115	0.633333333333
chr13	10234116	10234215	0.633333333333
chr13	10234216	10234296	0.633333333333
chr13	10234297	10235140	0.6
chr13	10235141	10235584	0.6
chr13	10235585	10237211	0.6
chr13	10237212	10237368	0.6
chr13	10237369	10237383	0.6
chr13	10237384	10237449	0.6
chr13	10237450	10239126	0.6
chr13	10239127	10239309	0.6
chr13	10239310	10239565	0.6
chr13	10239566	10240806	0.6
chr13	10240807	10240932	85.4666666667
chr13	10240933	10241663	85.4666666667
chr13	10241664	10242364	85.4666666667
chr13	10242365	10243010	85.4666666667
chr13	10243011	10243202	85.4666666667
chr13	10243203	10243282	84.8666666667
chr13	10243283	10243580	84.8666666667
chr13	10243581	10243691	283.1
chr13	10243692	10244251	283.1
chr13	10244252	10245503	283.1
chr13	10245504	10246465	283.1
chr13	10246466	10247622	283.1
chr13	10247623	10248812	283.1
chr13	10248813	10248835	283.1
chr13	10248836	10248849	283.1
chr13	10248850	10249306	283.1
chr13	10249307	10249445	283.1
chr13	10249446	10249532	283.1
chr13	10249533	10250139	283.1
chr13	10250140	10251842	283.1
chr13	10251843	10252564	283.1
chr13	10252565	10252603	283.1
chr13	10252604	10253187	283.1
chr13	10253188	10253237	283.1
chr13	10253238	10254146	283.1
chr13	10254147	10254327	283.1
chr13	10254328	10254466	283.1
chr13	10254467	10254514	283.1
chr13	10254515	10254671	283.1
chr13	10254672	10255351	283.1
chr13	10255352	10255547	198.233333333
chr13	10255548	10255687	198.233333333
chr13	10255688	10256152	198.233333333
chr13	10256153	10256201	198.233333333
chr13	10256202	10256307	198.233333333
chr13	10256308	10256601	198.233333333
chr13	10256602	10256739	198.233333333
chr13	10256740	10256854	0.0
chr13	10256855	10257262	0.0
chr13	10257263	10257370	0.133333333333
chr13	10257371	10258825	0.133333333333
chr13	10258826	10259589	0.133333333333
chr13	10259590	10259670	0.133333333333
chr13	10259671	10259733	0.133333333333
chr13	10259734	10259833	0.133333333333
chr13	10259834	10260030	0.133333333333
chr13	10260031	10261551	0.133333333333
chr13	10261552	10261570	0.133333333333
chr13	10261571	10261749	0.133333333333
chr13	10261750	10261766	0.133333333333
chr13	10261767	10262088	0.133333333333
chr13	10262089	10263069	0.133333333333
chr13	10263070	10263358	0.133333333333
chr13	10263359	10263591	0.133333333333
chr13	10263592	10263819	0.133333333333
chr13	10263820	10264241	0.133333333333
chr13	10264242	10264303	209.1
chr13	10264304	10264667	209.1
chr13	10264668	10265239	209.1
chr13	10265240	10265823	209.1
chr13	10265824	10266235	209.1
chr13	10266236	10266838	209.1
chr13	10266839	10267264	209.1
chr13	10267265	10268049	209.1
chr13	10268050	10268233	209.1
chr13	10268234	10268356	209.1
chr13	10268357	10268361	0.0
chr13	10268362	10268432	298.9
chr13	10268433	10268579	298.9
chr13	10268580	10269007	298.9
chr13	10269008	10269368	298.766666667
chr13	10269369	10269887	298.766666667
chr13	10269888	10270531	298.766666667
chr13	10270532	10270835	298.766666667
chr13	10270836	10270847	298.766666667
chr13	10270848	10270857	300.7
chr13	10270858	10270987	300.7
chr13	10270988	10271183	404.6
chr13	10271184	10271220	404.6
chr13	10271221	10271396	585.2
chr13	10271397	10271653	585.2
chr13	10271654	10271716	585.2
chr13	10271717	10272691	585.2
chr13	10272692	10272696	0.0
chr13	10272697	10272738	585.2
chr13	10272739	10272915	585.2
chr13	10272916	10273153	585.2
chr13	10273154	10273528	585.2
chr13	10273529	10273628	376.266666667
chr13	10273629	10275410	376.266666667
chr13	10275411	10275418	376.266666667
chr13	10275419	10275769	376.266666667
chr13	10275770	10276136	376.266666667
chr13	10276137	10276429	380.9
chr13	10276430	10276492	408.6
chr13	10276493	10276783	435.033333333
chr13	10276784	10276902	435.033333333
chr13	10276903	10277173	480.9
chr13	10277174	10277185	391.1
chr13	10277186	10277197	391.1
chr13	10277198	10277655	391.1
chr13	10277656	10277990	391.2
chr13	10277991	10278258	391.2
chr13	10278259	10279236	391.2
chr13	10279237	10279383	726.1
chr13	10279384	10280120	899.0
chr13	10280121	10280138	897.066666667
chr13	10280139	10280260	983.766666667
chr13	10280261	10280825	879.866666667
chr13	10280826	10281159	879.866666667
chr13	10281160	10281581	699.266666667
chr13	10281582	10281809	699.266666667
chr13	10281810	10282335	699.266666667
chr13	10282336	10282742	706.333333333
chr13	10282743	10283893	706.333333333
chr13	10283894	10284032	706.333333333
chr13	10284033	10284703	706.333333333
chr13	10284704	10285256	706.333333333
chr13	10285257	10286380	706.3
chr13	10286381	10287421	728.466666667
chr13	10287422	10287873	728.466666667
chr13	10287874	10288056	728.466666667
chr13	10288057	10288902	728.466666667
chr13	10288903	10289187	926.7
chr13	10289188	10289274	899.0
chr13	10289275	10289331	905.633333333
chr13	10289332	10289992	905.633333333
chr13	10289993	10290416	859.766666667
chr13	10290417	10291212	859.766666667
chr13	10291213	10291577	859.766666667
chr13	10291578	10291647	859.766666667
chr13	10291648	10292252	859.666666667
chr13	10292253	10292961	859.666666667
chr13	10292962	10293081	859.666666667
chr13	10293082	10293526	524.766666667
chr13	10293527	10294359	351.866666667
chr13	10294360	10296141	351.866666667
chr13	10296142	10297884	265.166666667
chr13	10297885	10298220	265.166666667
chr13	10298221	10298494	265.166666667
chr13	10298495	10299548	265.166666667
chr13	10299549	10299568	265.166666667
chr13	10299569	10299701	265.166666667
chr13	10299702	10299767	258.1
chr13	10299768	10300797	258.1
chr13	10300798	10300805	258.1
chr13	10300806	10300990	258.1
chr13	10300991	10301683	258.1
chr13	10301684	10303298	258.1
chr13	10303299	10303738	235.933333333
chr13	10303739	10303764	235.933333333
chr13	10303765	10303797	235.933333333
chr13	10303798	10303814	235.933333333
chr13	10303815	10304172	33.0666666667
chr13	10304173	10304367	33.0666666667
chr13	10304368	10304419	0.0
chr13	10304420	10305633	0.0
chr13	10305634	10305909	0.0
