0,0,0.0
0,1,1793.64938679
0,2,3120.03476415
0,3,2052.20733962
0,4,3534.19016038
0,5,5022.07930189
0,6,6179.41249057
0,7,5844.00482075
0,8,7193.20506604
0,9,7928.34885849
0,10,8853.03672642
0,11,7934.15809434
0,12,7727.43798113
0,13,6597.9085283
0,14,7016.19939623
0,15,7616.39107547
0,16,7168.47833019
0,17,7902.2290283
0,18,7713.97566981
0,19,8615.49939623
0,20,7973.36137736
0,21,8397.82304717
0,22,8540.14024528
0,23,8709.33936792
0,24,7779.51185849
0,25,7844.31032075
0,26,7717.44214151
0,27,6654.88376415
0,28,7992.69235849
0,29,8532.18815094
0,30,8483.14227358
0,31,8074.05916981
0,32,9330.13150943
0,33,8915.0374717
0,34,8604.82087736
0,35,8995.70033962
0,36,8123.34562264
0,37,8976.29322642
0,38,8128.54561321
0,39,9388.13789623
0,40,9313.45139623
0,41,10374.5923396
0,42,12143.6551038
0,43,11378.3553679
0,44,10210.8263868
0,45,9238.83948113
0,46,10091.3804151
0,47,11914.4154623
0,48,10914.8701038
0,49,9580.59800943
0,50,10719.416434
0,51,9300.96268868
0,52,7676.33292453
0,53,8205.16207547
0,54,8866.01650943
0,55,8793.48859434
0,56,7775.16665094
0,57,8340.01950943
0,58,8587.0670566
0,59,8292.13177358
0,60,8552.86900943
0,61,9179.38363208
0,62,7977.91986792
0,63,7993.0360566
0,64,8663.66482075
0,65,9390.96799057
0,66,10458.365066
0,67,8969.26681132
0,68,9455.91972642
0,69,10102.8355
0,70,9882.02039623
1,0,1793.64938679
1,1,0.0
1,2,1922.62838679
1,3,2322.01848113
1,4,3766.9865566
1,5,4553.20336792
1,6,5573.92817925
1,7,5470.30637736
1,8,6365.65904717
1,9,7301.43386792
1,10,7918.86116038
1,11,6914.15710377
1,12,6556.07440566
1,13,5638.59883962
1,14,6202.35348113
1,15,6623.07413208
1,16,5826.42391509
1,17,6536.13422642
1,18,6367.70278302
1,19,7408.31649057
1,20,6659.67936792
1,21,7060.73599057
1,22,7098.69383019
1,23,7196.39071698
1,24,6312.43120755
1,25,6548.73361321
1,26,6339.62523585
1,27,5288.70878302
1,28,6549.54848113
1,29,7148.3749434
1,30,6982.54031132
1,31,6811.24293396
1,32,7959.7660566
1,33,7394.8570283
1,34,7147.94831132
1,35,7653.07282075
1,36,6715.71839623
1,37,7508.95201887
1,38,6609.82883962
1,39,7921.61851887
1,40,7797.46689623
1,41,8977.52025472
1,42,10637.1697642
1,43,9950.40983962
1,44,8718.86682075
1,45,7761.755
1,46,8455.46701887
1,47,10294.2847736
1,48,9300.97930189
1,49,8062.0454717
1,50,9219.72567925
1,51,7905.87323585
1,52,6395.73368868
1,53,7158.60768868
1,54,7759.91390566
1,55,7373.70764151
1,56,6331.36639623
1,57,6791.72414151
1,58,7030.97708491
1,59,6824.43572642
1,60,7017.82707547
1,61,7720.35688679
1,62,6459.44120755
1,63,6466.19177358
1,64,7173.37287736
1,65,7804.48312264
1,66,8857.8385
1,67,7385.84856604
1,68,7982.28739623
1,69,8594.18108491
1,70,8313.24799057
2,0,3120.03476415
2,1,1922.62838679
2,2,0.0
2,3,2333.62614151
2,4,2967.42768868
2,5,2835.46028302
2,6,3791.14792453
2,7,3777.70322642
2,8,4678.27940566
2,9,5841.56358491
2,10,6512.67799057
2,11,5691.60606604
2,12,5654.24110377
2,13,4912.63276415
2,14,6159.73465094
2,15,7191.75813208
2,16,6268.71177358
2,17,6743.93338679
2,18,6172.06856604
2,19,7046.4719717
2,20,5709.28424528
2,21,6626.84990566
2,22,6628.37949057
2,23,6958.52985849
2,24,6398.61571698
2,25,7055.63503774
2,26,6445.95957547
2,27,4884.40999057
2,28,5912.95371698
2,29,6206.79725472
2,30,6050.03333962
2,31,5704.8289434
2,32,7078.68020755
2,33,6688.5655
2,34,6761.03791509
2,35,7571.28566981
2,36,6065.74859434
2,37,7219.80010377
2,38,6285.06968868
2,39,7518.43436792
2,40,7005.48808491
2,41,7938.55689623
2,42,9862.08190566
2,43,8930.11040566
2,44,7881.64313208
2,45,6585.46817925
2,46,7294.8719434
2,47,9231.03710377
2,48,8023.68808491
2,49,6567.77780189
2,50,7728.32633962
2,51,6337.15329245
2,52,4790.33113208
2,53,5400.46116981
2,54,5982.92493396
2,55,5753.1365283
2,56,4679.66239623
2,57,5577.51861321
2,58,5933.30834906
2,59,5675.74513208
2,60,5744.79022642
2,61,6398.25824528
2,62,4991.30174528
2,63,5306.4270283
2,64,6444.70396226
2,65,6827.26979245
2,66,8018.78281132
2,67,6186.67857547
2,68,7070.86370755
2,69,7874.70668868
2,70,7485.23975472
3,0,2052.20733962
3,1,2322.01848113
3,2,2333.62614151
3,3,0.0
3,4,1660.57632075
3,5,3476.86851887
3,6,4966.15054717
3,7,4507.86357547
3,8,6334.44013208
3,9,7359.87598113
3,10,8408.80137736
3,11,7700.49718868
3,12,7783.04332075
3,13,6833.53249057
3,14,7841.69371698
3,15,8765.16877358
3,16,8017.87179245
3,17,8656.80650943
3,18,8248.5150566
3,19,9119.653
3,20,7938.67685849
3,21,8783.57
3,22,8837.91138679
3,23,9111.9474434
3,24,8389.58820755
3,25,8779.06153774
3,26,8410.93137736
3,27,7014.55875472
3,28,8158.64626415
3,29,8476.6345
3,30,8363.70985849
3,31,7909.87664151
3,32,9339.1555
3,33,8975.62981132
3,34,8948.07265094
3,35,9619.43934906
3,36,8297.21415094
3,37,9378.62209434
3,38,8457.62029245
3,39,9722.32428302
3,40,9306.26908491
3,41,10214.5358962
3,42,12149.3964528
3,43,11200.9453396
3,44,10168.6698679
3,45,8885.44069811
3,46,9580.60113208
3,47,11540.9008868
3,48,10277.256
3,49,8747.87232075
3,50,9903.05786792
3,51,8493.38581132
3,52,6920.40943396
3,53,7235.65695283
3,54,7832.27182075
3,55,7871.85243396
3,56,6569.49329245
3,57,7138.58983019
3,58,7417.15685849
3,59,6990.53369811
3,60,7317.5620566
3,61,7806.78013208
3,62,6761.2509717
3,63,6823.36828302
3,64,7663.91380189
3,65,8434.44882075
3,66,9512.73310377
3,67,7862.7825283
3,68,8270.91340566
3,69,9088.77616038
3,70,8868.83696226
4,0,3534.19016038
4,1,3766.9865566
4,2,2967.42768868
4,3,1660.57632075
4,4,0.0
4,5,2466.41970755
4,6,4095.26850943
4,7,3434.27306604
4,8,5747.91081132
4,9,6807.75045283
4,10,8073.06170755
4,11,7616.15096226
4,12,8016.75283019
4,13,7139.94890566
4,14,8509.21964151
4,15,9852.51277358
4,16,9117.92787736
4,17,9640.83809434
4,18,8992.0764717
4,19,9698.4240283
4,20,8191.39759434
4,21,9366.71815094
4,22,9431.76204717
4,23,9869.50230189
4,24,9332.66521698
4,25,9918.2425566
4,26,9340.7655
4,27,7669.53889623
4,28,8664.30326415
4,29,8742.47613208
4,30,8684.51800943
4,31,8027.62672642
4,32,9612.78510377
4,33,9434.4395
4,34,9593.24206604
4,35,10411.5331415
4,36,8773.10346226
4,37,10079.640434
4,38,9167.68451887
4,39,10348.7181132
4,40,9694.80865094
4,41,10347.2664434
4,42,12474.4423962
4,43,11322.1416132
4,44,10483.0150189
4,45,8988.56599057
4,46,9719.49637736
4,47,11700.0000849
4,48,10286.5791509
4,49,8590.80468868
4,50,9687.21290566
4,51,8235.63320755
4,52,6688.33835849
4,53,6656.74323585
4,54,7221.87611321
4,55,7604.9509434
4,56,6314.19090566
4,57,7171.12534906
4,58,7516.93072642
4,59,6999.56223585
4,60,7286.14666981
4,61,7634.17563208
4,62,6644.82062264
4,63,6894.97129245
4,64,7948.53900943
4,65,8597.27675472
4,66,9749.40141509
4,67,7902.16465094
4,68,8392.96806604
4,69,9357.80360377
4,70,9109.45366981
5,0,5022.07930189
5,1,4553.20336792
5,2,2835.46028302
5,3,3476.86851887
5,4,2466.41970755
5,5,0.0
5,6,1711.79862264
5,7,1254.8875
5,8,3434.40509434
5,9,4700.74573585
5,10,5893.88891509
5,11,5654.71403774
5,12,6339.66243396
5,13,5734.32449057
5,14,7583.60871698
5,15,9364.51111321
5,16,8590.30146226
5,17,8864.60213208
5,18,7884.10683019
5,19,8370.64523585
5,20,6470.78427358
5,21,8012.57411321
5,22,8063.89151887
5,23,8708.20229245
5,24,8491.92962264
5,25,9406.27877358
5,26,8489.182
5,27,6515.22833962
5,28,7213.90174528
5,29,6992.52370755
5,30,6990.48993396
5,31,6166.76983962
5,32,7842.49029245
5,33,7882.13871698
5,34,8292.53073585
5,35,9311.42431132
5,36,7290.00307547
5,37,8839.46315094
5,38,7979.11059434
5,39,8986.64895283
5,40,8046.74913208
5,41,8402.07219811
5,42,10698.5134151
5,43,9362.63215094
5,44,8741.70321698
5,45,7052.27712264
5,46,7869.99804717
5,47,9789.38107547
5,48,8312.90515094
5,49,6516.55401887
5,50,7528.55411321
5,51,6022.60983019
5,52,4515.96025472
5,53,4250.31613208
5,54,4800.69863208
5,55,5445.4994717
5,56,4499.42136792
5,57,6067.29765094
5,58,6548.14974528
5,59,6120.40943396
5,60,6097.82831132
5,61,6453.60216981
5,62,5163.07907547
5,63,5879.12709434
5,64,7370.46299057
5,65,7523.00011321
5,66,8827.97828302
5,67,6659.12972642
5,68,7682.49188679
5,69,8737.55935849
5,70,8315.18725472
6,0,6179.41249057
6,1,5573.92817925
6,2,3791.14792453
6,3,4966.15054717
6,4,4095.26850943
6,5,1711.79862264
6,6,0.0
6,7,919.147981132
6,8,1836.32619811
6,9,3105.33033019
6,10,4345.41249057
6,11,4354.31304717
6,12,5341.38583019
6,13,4912.88466038
6,14,7014.69533962
6,15,9177.12013208
6,16,8540.49212264
6,17,8614.46016038
6,18,7380.3329434
6,19,7594.0795566
6,20,5519.85367925
6,21,7298.08504717
6,22,7402.32467925
6,23,8238.68327358
6,24,8255.37208491
6,25,9328.89989623
6,26,8192.14789623
6,27,6052.97560377
6,28,6525.25546226
6,29,6039.83846226
6,30,6178.60950943
6,31,5086.16990566
6,32,6825.98620755
6,33,7145.7254717
6,34,7688.48243396
6,35,8773.16716981
6,36,6549.23416038
6,37,8275.68416038
6,38,7516.7675566
6,39,8318.2505
6,40,7229.49374528
6,41,7262.16238679
6,42,9717.94754717
6,43,8223.16804717
6,44,7819.792
6,45,6058.80164151
6,46,7105.17562264
6,47,8867.22582075
6,48,7455.34330189
6,49,5647.13637736
6,50,6513.82448113
6,51,4919.58300943
6,52,3422.78495283
6,53,2792.224
6,54,3409.57539623
6,55,4520.38084906
6,56,4262.09591509
6,57,6383.76921698
6,58,6934.03810377
6,59,6630.97686792
6,60,6354.03204717
6,61,6732.52860377
6,62,5220.61392453
6,63,6257.21207547
6,64,7938.67223585
6,65,7700.12254717
6,66,9092.77612264
6,67,6790.66959434
6,68,8201.32848113
6,69,9240.14698113
6,70,8709.05583962
7,0,5844.00482075
7,1,5470.30637736
7,2,3777.70322642
7,3,4507.86357547
7,4,3434.27306604
7,5,1254.8875
7,6,919.147981132
7,7,0.0
7,8,2702.31978302
7,9,3755.75033962
7,10,5169.51159434
7,11,5157.50462264
7,12,6100.73207547
7,13,5522.03532075
7,14,7510.25783962
7,15,9635.86259434
7,16,9029.4510283
7,17,9186.69573585
7,18,8025.52375472
7,19,8292.82156604
7,20,6319.50828302
7,21,8017.86778302
7,22,8139.19598113
7,23,8933.37527358
7,24,8846.6230566
7,25,9830.05220755
7,26,8778.76078302
7,27,6675.93045283
7,28,7270.68459434
7,29,6864.75277358
7,30,6996.21806604
7,31,5916.62887736
7,32,7663.45891509
7,33,7938.33925472
7,34,8410.26668868
7,35,9443.09209434
7,36,7301.11163208
7,37,8990.16641509
7,38,8203.40782075
7,39,9069.9970283
7,40,8049.78914151
7,41,8145.13873585
7,42,10582.8106321
7,43,9107.88909434
7,44,8663.23446226
7,45,6934.66638679
7,46,7950.91632075
7,47,9749.5695
7,48,8317.72408491
7,49,6497.36395283
7,50,7386.45233019
7,51,5813.30992453
7,52,4315.02996226
7,53,3692.38986792
7,54,4280.45404717
7,55,5373.42521698
7,56,4880.53972642
7,57,6803.54772642
7,58,7328.7034434
7,59,6947.91408491
7,60,6790.60198113
7,61,7122.88983019
7,62,5738.43143396
7,63,6635.06166038
7,64,8223.90732075
7,65,8157.44815094
7,66,9535.588
7,67,7279.44762264
7,68,8510.46380189
7,69,9571.49333962
7,70,9101.94023585
8,0,7193.20506604
8,1,6365.65904717
8,2,4678.27940566
8,3,6334.44013208
8,4,5747.91081132
8,5,3434.40509434
8,6,1836.32619811
8,7,2702.31978302
8,8,0.0
8,9,1684.10110377
8,10,2525.40039623
8,11,2712.3450283
8,12,3946.79724528
8,13,3844.70504717
8,14,6101.18753774
8,15,8484.06031132
8,16,7966.56804717
8,17,7822.03904717
8,18,6381.31766038
8,19,6323.13414151
8,20,4139.24967925
8,21,6080.10436792
8,22,6225.61175472
8,23,7222.36435849
8,24,7483.88196226
8,25,8694.37331132
8,26,7368.65537736
8,27,5183.13467925
8,28,5362.40214151
8,29,4628.14916981
8,30,4916.16087736
8,31,3594.29786792
8,32,5321.41789623
8,33,5907.91180189
8,34,6558.80314151
8,35,7680.85093396
8,36,5332.88551887
8,37,7164.95008491
8,38,6540.76878302
8,39,7099.59111321
8,40,5912.30711321
8,41,5656.2230283
8,42,8216.04663208
8,43,6629.66384906
8,44,6400.46171698
8,45,4656.75549057
8,46,5974.76606604
8,47,7513.00081132
8,48,6284.07642453
8,49,4615.59845283
8,50,5311.61420755
8,51,3656.22366981
8,52,2214.36012264
8,53,1447.48370755
8,54,2206.03142453
8,55,3554.07783019
8,56,4208.95006604
8,57,6637.45561321
8,58,7212.01285849
8,59,7091.87909434
8,60,6577.71975472
8,61,7046.54937736
8,62,5330.04433962
8,63,6583.6150566
8,64,8347.08130189
8,65,7742.18311321
8,66,9151.69879245
8,67,6846.16751887
8,68,8600.05451887
8,69,9540.94634906
8,70,8902.6649434
9,0,7928.34885849
9,1,7301.43386792
9,2,5841.56358491
9,3,7359.87598113
9,4,6807.75045283
9,5,4700.74573585
9,6,3105.33033019
9,7,3755.75033962
9,8,1684.10110377
9,9,0.0
9,10,1889.36813208
9,11,2439.24422642
9,12,3905.21904717
9,13,3711.98203774
9,14,5815.13548113
9,15,8585.54608491
9,16,8433.77098113
9,17,8171.57090566
9,18,6604.39909434
9,19,6197.59619811
9,20,4346.53769811
9,21,6179.71588679
9,22,6491.34181132
9,23,7625.44683019
9,24,7950.46067925
9,25,9089.01690566
9,26,7708.47369811
9,27,5563.3640566
9,28,5710.35970755
9,29,4873.20180189
9,30,5416.84923585
9,31,3771.29400943
9,32,5395.31737736
9,33,6313.78650943
9,34,6857.19920755
9,35,7821.42985849
9,36,5607.06037736
9,37,7467.21930189
9,38,6999.00662264
9,39,7339.0600283
9,40,6285.03150943
9,41,5722.17216981
9,42,8339.80379245
9,43,6688.86390566
9,44,6656.65356604
9,45,5177.50412264
9,46,6810.964
9,47,8032.70182075
9,48,7100.31899057
9,49,5668.16726415
9,50,6137.52867925
9,51,4567.83266981
9,52,3365.8915283
9,53,2616.86351887
9,54,3230.25427358
9,55,4749.13085849
9,56,5795.32038679
9,57,8242.18825472
9,58,8812.89283019
9,59,8733.69017925
9,60,8182.64606604
9,61,8673.84533019
9,62,6926.08258491
9,63,8170.51817925
9,64,9886.71629245
9,65,9193.70532075
9,66,10631.5641321
9,67,8375.7980566
9,68,10204.3943396
9,69,11092.2903679
9,70,10444.5199811
10,0,8853.03672642
10,1,7918.86116038
10,2,6512.67799057
10,3,8408.80137736
10,4,8073.06170755
10,5,5893.88891509
10,6,4345.41249057
10,7,5169.51159434
10,8,2525.40039623
10,9,1889.36813208
10,10,0.0
10,11,1360.34875472
10,12,2835.47940566
10,13,3340.5665566
10,14,5364.09153774
10,15,7961.31714151
10,16,7754.947
10,17,7294.75841509
10,18,5644.46450943
10,19,5041.07061321
10,20,3118.36287736
10,21,4992.83571698
10,22,5257.09412264
10,23,6455.39884906
10,24,7053.88392453
10,25,8333.57186792
10,26,6831.42786792
10,27,4852.57214151
10,28,4553.86548113
10,29,3474.11022642
10,30,4096.3520566
10,31,2482.25382075
10,32,3823.26353774
10,33,4947.40511321
10,34,5644.13983019
10,35,6670.06963208
10,36,4413.95288679
10,37,6229.61404717
10,38,5916.36320755
10,39,5981.31416981
10,40,4813.89812264
10,41,3964.53056604
10,42,6596.93535849
10,43,4924.09633962
10,44,5057.92338679
10,45,3690.80191509
10,46,5425.94804717
10,47,6363.49938679
10,48,5666.12136792
10,49,4565.59960377
10,50,4823.26242453
10,51,3445.06717925
10,52,2772.78867925
10,53,2532.23072642
10,54,2884.36940566
10,55,3926.09086792
10,56,5554.24722642
10,57,7965.70548113
10,58,8516.36851887
10,59,8599.5320283
10,60,7890.27974528
10,61,8439.74
10,62,6654.4504434
10,63,7973.06316038
10,64,9677.10066038
10,65,8715.67278302
10,66,10072.8311415
10,67,7939.91114151
10,68,9950.96408491
10,69,10718.4854717
10,70,9995.72337736
11,0,7934.15809434
11,1,6914.15710377
11,2,5691.60606604
11,3,7700.49718868
11,4,7616.15096226
11,5,5654.71403774
11,6,4354.31304717
11,7,5157.50462264
11,8,2712.3450283
11,9,2439.24422642
11,10,1360.34875472
11,11,0.0
11,12,1561.50832075
11,13,2059.37299057
11,14,4130.28782075
11,15,6644.52478302
11,16,6435.77754717
11,17,6000.59598113
11,18,4362.38549057
11,19,3878.16568868
11,20,1972.46136792
11,21,3806.22487736
11,22,4114.87261321
11,23,5294.50650943
11,24,5781.17487736
11,25,7015.82393396
11,26,5535.67162264
11,27,3524.71711321
11,28,3381.48316038
11,29,2497.10425472
11,30,3161.72833019
11,31,1429.57641509
11,32,3003.71977358
11,33,3966.079
11,34,4500.13592453
11,35,5488.96872642
11,36,3257.91908491
11,37,5104.00882075
11,38,4728.59723585
11,39,4927.5295
11,40,3943.53435849
11,41,3548.41080189
11,42,6116.25175472
11,43,4647.29864151
11,44,4384.08283962
11,45,3150.42583962
11,46,5002.95958491
11,47,6079.56693396
11,48,5482.46896226
11,49,4463.17081132
11,50,4933.99982075
11,51,3503.57857547
11,52,2499.50224528
11,53,2949.5020566
11,54,3433.47045283
11,55,3873.88301887
11,56,5299.24639623
11,57,7536.09940566
11,58,8055.94553774
11,59,8178.04009434
11,60,7512.39090566
11,61,8177.7204717
11,62,6304.9260566
11,63,7509.41428302
11,64,9117.88779245
11,65,8245.41931132
11,66,9592.57073585
11,67,7540.33372642
11,68,9506.81310377
11,69,10203.370283
11,70,9496.6255
12,0,7727.43798113
12,1,6556.07440566
12,2,5654.24110377
12,3,7783.04332075
12,4,8016.75283019
12,5,6339.66243396
12,6,5341.38583019
12,7,6100.73207547
12,8,3946.79724528
12,9,3905.21904717
12,10,2835.47940566
12,11,1561.50832075
12,12,0.0
12,13,1449.51691509
12,14,3013.00840566
12,15,5200.41816981
12,16,4997.16818868
12,17,4493.08421698
12,18,2838.51785849
12,19,2414.23930189
12,20,861.000971698
12,21,2299.79198113
12,22,2681.47856604
12,23,3847.31715094
12,24,4319.69283019
12,25,5540.40525472
12,26,4039.67700943
12,27,2189.58250943
12,28,2007.87365094
12,29,1490.40139623
12,30,2217.24026415
12,31,978.754650943
12,32,2030.28469811
12,33,2771.9394434
12,34,3068.98025472
12,35,3991.2864717
12,36,1880.55022642
12,37,3666.69741509
12,38,3327.87015094
12,39,3538.07208491
12,40,2876.19384906
12,41,3034.40922642
12,42,5293.94879245
12,43,4170.73970755
12,44,3493.77883019
12,45,2760.69361321
12,46,4585.44658491
12,47,5578.11761321
12,48,5280.69293396
12,49,4623.14759434
12,50,5154.70260377
12,51,3958.94191509
12,52,3115.34314151
12,53,4108.61315094
12,54,4534.42065094
12,55,4290.76566981
12,56,5574.89224528
12,57,7467.9939434
12,58,7923.57186792
12,59,8145.83022642
12,60,7493.08018868
12,61,8269.40112264
12,62,6393.30801887
12,63,7417.55159434
12,64,8838.0839717
12,65,7971.98380189
12,66,9248.67351887
12,67,7420.75624528
12,68,9343.53882075
12,69,9891.21165094
12,70,9197.25431132
13,0,6597.9085283
13,1,5638.59883962
13,2,4912.63276415
13,3,6833.53249057
13,4,7139.94890566
13,5,5734.32449057
13,6,4912.88466038
13,7,5522.03532075
13,8,3844.70504717
13,9,3711.98203774
13,10,3340.5665566
13,11,2059.37299057
13,12,1449.51691509
13,13,0.0
13,14,2274.46456604
13,15,4875.85246226
13,16,4904.8635566
13,17,4658.89000943
13,18,3178.383
13,19,2991.32354717
13,20,2145.21883962
13,21,3046.65507547
13,22,3528.23811321
13,23,4527.81161321
13,24,4593.6135283
13,25,5542.75416038
13,26,4232.55215094
13,27,2278.09143396
13,28,2897.42149057
13,29,2823.61662264
13,30,3390.26962264
13,31,2217.49393396
13,32,3400.33873585
13,33,3882.42193396
13,34,3846.45633019
13,35,4508.58710377
13,36,2815.79351887
13,37,4417.66467925
13,38,3962.75966038
13,39,4457.68477358
13,40,4103.55479245
13,41,4457.21864151
13,42,6604.15453774
13,43,5555.78483019
13,44,4779.13508491
13,45,4054.24433019
13,46,5787.85909434
13,47,6949.51691509
13,48,6531.22925472
13,49,5645.9045566
13,50,6328.72950943
13,51,4947.84661321
13,52,3671.01606604
13,53,4480.3485566
13,54,5077.57075472
13,55,5107.62095283
13,56,5991.37913208
13,57,7853.51382075
13,58,8310.26185849
13,59,8429.31607547
13,60,7913.44853774
13,61,8698.49764151
13,62,6805.4534717
13,63,7716.54232075
13,64,9087.61716038
13,65,8474.65120755
13,66,9808.45509434
13,67,7931.00132075
13,68,9697.9270566
13,69,10294.1365094
13,70,9670.49292453
14,0,7016.19939623
14,1,6202.35348113
14,2,6159.73465094
14,3,7841.69371698
14,4,8509.21964151
14,5,7583.60871698
14,6,7014.69533962
14,7,7510.25783962
14,8,6101.18753774
14,9,5815.13548113
14,10,5364.09153774
14,11,4130.28782075
14,12,3013.00840566
14,13,2274.46456604
14,14,0.0
14,15,3089.3304434
14,16,3935.39935849
14,17,3708.06098113
14,18,2695.10968868
14,19,2421.02524528
14,20,3543.25033962
14,21,2908.52042453
14,22,3567.39416981
14,23,4233.59695283
14,24,4001.85123585
14,25,4406.38529245
14,26,3429.37456604
14,27,2671.70870755
14,28,3463.85188679
14,29,3978.66222642
14,30,4471.89186792
14,31,3941.5955566
14,32,4218.40089623
14,33,4423.7499434
14,34,3736.63718868
14,35,3632.44751887
14,36,3372.07924528
14,37,4090.38116981
14,38,3929.80183019
14,39,4258.05190566
14,40,4748.90003774
14,41,5422.73615094
14,42,6869.5144434
14,43,6343.12114151
14,44,5368.57074528
14,45,5449.32216038
14,46,7023.83845283
14,47,7853.34937736
14,48,7878.65396226
14,49,7388.39548113
14,50,8007.31973585
14,51,6861.02810377
14,52,5785.29408491
14,53,6728.10232075
14,54,7287.98714151
14,55,7056.68504717
14,56,7856.85433962
14,57,9357.18367925
14,58,9732.64424528
14,59,9923.01867925
14,60,9466.50480189
14,61,10326.9377547
14,62,8496.22241509
14,63,9176.74172642
14,64,10256.3851509
14,65,9729.90145283
14,66,10953.7459151
14,67,9390.82185849
14,68,11017.0658868
14,69,11429.4731981
14,70,10866.8004717
15,0,7616.39107547
15,1,6623.07413208
15,2,7191.75813208
15,3,8765.16877358
15,4,9852.51277358
15,5,9364.51111321
15,6,9177.12013208
15,7,9635.86259434
15,8,8484.06031132
15,9,8585.54608491
15,10,7961.31714151
15,11,6644.52478302
15,12,5200.41816981
15,13,4875.85246226
15,14,3089.3304434
15,15,0.0
15,16,1951.1304434
15,17,2125.52443396
15,18,2860.80427358
15,19,3549.34831132
15,20,5295.81383019
15,21,3677.59467925
15,22,3938.44717925
15,23,3599.12339623
15,24,2780.83803774
15,25,2117.30616981
15,26,2325.04515094
15,27,3643.94667925
15,28,4331.75566038
15,29,5435.79335849
15,30,5489.35039623
15,31,5915.26759434
15,32,5559.27401887
15,33,4951.232
15,34,3781.83404717
15,35,2860.97890566
15,36,4383.7994717
15,37,3683.11291509
15,38,3723.95374528
15,39,4123.56306604
15,40,5393.49816038
15,41,6737.37073585
15,42,7151.73563208
15,43,7409.59088679
15,44,6053.13818868
15,45,6711.24426415
15,46,7643.6225566
15,47,8306.96753774
15,48,8622.59181132
15,49,8559.15800943
15,50,9223.6414434
15,51,8429.23350943
15,52,7611.59240566
15,53,8889.70879245
15,54,9356.56413208
15,55,8504.65896226
15,56,8944.42050943
15,57,9704.2950566
15,58,9919.88574528
15,59,10230.6278679
15,60,9882.37441509
15,61,10807.7737358
15,62,9222.31812264
15,63,9509.78933962
15,64,10094.4008113
15,65,9738.84401887
15,66,10666.718566
15,67,9690.19449057
15,68,10980.7032925
15,69,11095.3835377
15,70,10641.7253113
16,0,7168.47833019
16,1,5826.42391509
16,2,6268.71177358
16,3,8017.87179245
16,4,9117.92787736
16,5,8590.30146226
16,6,8540.49212264
16,7,9029.4510283
16,8,7966.56804717
16,9,8433.77098113
16,10,7754.947
16,11,6435.77754717
16,12,4997.16818868
16,13,4904.8635566
16,14,3935.39935849
16,15,1951.1304434
16,16,0.0
16,17,1258.07478302
16,18,2459.5865283
16,19,3771.08348113
16,20,4826.18020755
16,21,3425.61907547
16,22,3324.98943396
16,23,2581.26545283
16,24,1466.14756604
16,25,1255.59580189
16,26,1519.8635566
16,27,3029.51251887
16,28,3633.20571698
16,29,4871.95892453
16,30,4617.5545
16,31,5462.36337736
16,32,5143.12150943
16,33,4096.75757547
16,34,3083.72539623
16,35,2724.36211321
16,36,3802.81527358
16,37,2957.45038679
16,38,2672.34316981
16,39,3520.5554717
16,40,4584.03536792
16,41,6255.67915094
16,42,6641.61796226
16,43,6924.00967925
16,44,5380.647
16,45,5855.25922642
16,46,6394.00741509
16,47,7290.2635
16,48,7411.67724528
16,49,7366.15487736
16,50,8127.34841509
16,51,7453.80267925
16,52,6753.08117925
16,53,8177.25707547
16,54,8571.2305283
16,55,7394.68963208
16,56,7568.58227358
16,57,7999.30957547
16,58,8160.27580189
16,59,8515.19954717
16,60,8195.08971698
16,61,9124.3275566
16,62,7671.46211321
16,63,7820.18033962
16,64,8280.74882075
16,65,7954.84262264
16,66,8803.70499057
16,67,7976.74104717
16,68,9163.98816038
16,69,9223.30317925
16,70,8781.95488679
17,0,7902.2290283
17,1,6536.13422642
17,2,6743.93338679
17,3,8656.80650943
17,4,9640.83809434
17,5,8864.60213208
17,6,8614.46016038
17,7,9186.69573585
17,8,7822.03904717
17,9,8171.57090566
17,10,7294.75841509
17,11,6000.59598113
17,12,4493.08421698
17,13,4658.89000943
17,14,3708.06098113
17,15,2125.52443396
17,16,1258.07478302
17,17,0.0
17,18,1681.41066038
17,19,2906.9359434
17,20,4270.68170755
17,21,2577.38121698
17,22,2489.06318868
17,23,1726.97733962
17,24,767.850462264
17,25,1181.43781132
17,26,552.596613208
17,27,2669.88293396
17,28,2965.23464151
17,29,4224.01062264
17,30,4025.16828302
17,31,4939.1599717
17,32,4367.98276415
17,33,3370.07490566
17,34,2226.11837736
17,35,1679.28577358
17,36,3134.09183962
17,37,2039.4785566
17,38,1972.64281132
17,39,2577.72610377
17,40,3836.9444717
17,41,5469.86272642
17,42,5733.57788679
17,43,6092.42623585
17,44,4575.63416038
17,45,5274.64375472
17,46,5894.31186792
17,47,6592.59146226
17,48,6895.06330189
17,49,7002.832
17,50,7654.46095283
17,51,7062.28825472
17,52,6504.99034906
17,53,7943.78556604
17,54,8299.95751887
17,55,7114.05618868
17,56,7571.58840566
17,57,8173.66261321
17,58,8363.46829245
17,59,8770.19377358
17,60,8341.31817925
17,61,9273.25932075
17,62,7752.81031132
17,63,8059.71080189
17,64,8647.9689717
17,65,8099.96318868
17,66,8965.58393396
17,67,8090.15024528
17,68,9465.53611321
17,69,9529.11168868
17,70,9002.70117925
18,0,7713.97566981
18,1,6367.70278302
18,2,6172.06856604
18,3,8248.5150566
18,4,8992.0764717
18,5,7884.10683019
18,6,7380.3329434
18,7,8025.52375472
18,8,6381.31766038
18,9,6604.39909434
18,10,5644.46450943
18,11,4362.38549057
18,12,2838.51785849
18,13,3178.383
18,14,2695.10968868
18,15,2860.80427358
18,16,2459.5865283
18,17,1681.41066038
18,18,0.0
18,19,1487.76935849
18,20,2663.03345283
18,21,1045.36754717
18,22,1240.93686792
18,23,1586.46819811
18,24,1659.22978302
18,25,2781.04456604
18,26,1255.67958491
18,27,1394.32916981
18,28,1523.95092453
18,29,2690.15772642
18,30,2713.69808491
18,31,3330.99353774
18,32,2887.15595283
18,33,2244.99745283
18,34,1233.84599057
18,35,1566.77584906
18,36,1614.59585849
18,37,1582.15279245
18,38,1329.62064151
18,39,1885.45026415
18,40,2695.48498113
18,41,4099.33768868
18,42,4995.43204717
18,43,4882.56998113
18,44,3455.22958491
18,45,3947.45228302
18,46,5014.36024528
18,47,5796.68786792
18,48,5974.12438679
18,49,5896.48737736
18,50,6506.33978302
18,51,5750.5424717
18,52,5139.84011321
18,53,6502.00600943
18,54,6872.58554717
18,55,5908.33492453
18,56,6685.90383019
18,57,7770.86418868
18,58,8066.2629434
18,59,8427.52918868
18,60,7889.09258491
18,61,8793.89676415
18,62,7094.35506604
18,63,7682.40979245
18,64,8614.35090566
18,65,7889.91253774
18,66,8943.31060377
18,67,7682.31283962
18,68,9327.64159434
18,69,9571.33693396
18,70,8957.51741509
19,0,8615.49939623
19,1,7408.31649057
19,2,7046.4719717
19,3,9119.653
19,4,9698.4240283
19,5,8370.64523585
19,6,7594.0795566
19,7,8292.82156604
19,8,6323.13414151
19,9,6197.59619811
19,10,5041.07061321
19,11,3878.16568868
19,12,2414.23930189
19,13,2991.32354717
19,14,2421.02524528
19,15,3549.34831132
19,16,3771.08348113
19,17,2906.9359434
19,18,1487.76935849
19,19,0.0
19,20,2436.04758491
19,21,874.472896226
19,22,1609.08534906
19,23,2489.30116038
19,24,3014.42908491
19,25,3968.3859717
19,26,2550.7309434
19,27,2261.64428302
19,28,1896.10470755
19,29,2440.10890566
19,30,2874.30998113
19,31,3017.56259434
19,32,2298.59199057
19,33,2466.7449434
19,34,1834.05633962
19,35,1964.23420755
19,36,1763.37888679
19,37,2173.89525472
19,38,2374.74291509
19,39,2062.78958491
19,40,2708.74418868
19,41,3463.78851887
19,42,4517.38633019
19,43,4224.33789623
19,44,3197.48915094
19,45,3859.00231132
19,46,5269.04182075
19,47,5704.86834906
19,48,6094.35484906
19,49,6095.07677358
19,50,6495.94132075
19,51,5750.11712264
19,52,5258.94561321
19,53,6434.86767925
19,54,6785.40991509
19,55,6110.11806604
19,56,7291.94780189
19,57,8699.8090283
19,58,9048.23031132
19,59,9402.17004717
19,60,8774.32221698
19,61,9636.64350943
19,62,7867.92680189
19,63,8647.31122642
19,64,9737.24579245
19,65,8861.21861321
19,66,9956.34031132
19,67,8564.61548113
19,68,10366.7599717
19,69,10664.9141887
19,70,10004.9934717
20,0,7973.36137736
20,1,6659.67936792
20,2,5709.28424528
20,3,7938.67685849
20,4,8191.39759434
20,5,6470.78427358
20,6,5519.85367925
20,7,6319.50828302
20,8,4139.24967925
20,9,4346.53769811
20,10,3118.36287736
20,11,1972.46136792
20,12,861.000971698
20,13,2145.21883962
20,14,3543.25033962
20,15,5295.81383019
20,16,4826.18020755
20,17,4270.68170755
20,18,2663.03345283
20,19,2436.04758491
20,20,0.0
20,21,2048.25357547
20,22,2208.43192453
20,23,3359.87661321
20,24,3988.61780189
20,25,5351.47529245
20,26,3816.70939623
20,27,2082.77016981
20,28,1453.32298113
20,29,719.061745283
20,30,1382.1905
20,31,694.462641509
20,32,1478.54490566
20,33,2049.55693396
20,34,2596.63404717
20,35,3729.26322642
20,36,1362.18477358
20,37,3201.3720283
20,38,2828.32251887
20,39,3032.36617925
20,40,2125.78559434
20,41,2488.76542453
20,42,4706.65481132
20,43,3631.13862264
20,44,2823.35335849
20,45,1997.83615094
20,46,3769.49353774
20,47,4816.72510377
20,48,4506.45906604
20,49,3964.78828302
20,50,4503.87791509
20,51,3440.58677358
20,52,2842.05312264
20,53,4044.42350943
20,54,4369.04539623
20,55,3774.6614717
20,56,5110.16801887
20,57,6900.50573585
20,58,7338.74425472
20,59,7616.89475472
20,60,6920.86263208
20,61,7706.33653774
20,62,5864.56023585
20,63,6898.20688679
20,64,8309.9909434
20,65,7358.88803774
20,66,8582.18419811
20,67,6810.79092453
20,68,8764.43916038
20,69,9274.5575
20,70,8553.34942453
21,0,8397.82304717
21,1,7060.73599057
21,2,6626.84990566
21,3,8783.57
21,4,9366.71815094
21,5,8012.57411321
21,6,7298.08504717
21,7,8017.86778302
21,8,6080.10436792
21,9,6179.71588679
21,10,4992.83571698
21,11,3806.22487736
21,12,2299.79198113
21,13,3046.65507547
21,14,2908.52042453
21,15,3677.59467925
21,16,3425.61907547
21,17,2577.38121698
21,18,1045.36754717
21,19,874.472896226
21,20,2048.25357547
21,21,0.0
21,22,792.335924528
21,23,1814.64371698
21,24,2491.33833019
21,25,3707.59716981
21,26,2175.14723585
21,27,1792.76509434
21,28,1115.63762264
21,29,1939.76183019
21,30,2159.33771698
21,31,2705.39388679
21,32,1932.11345283
21,33,1683.30371698
21,34,1099.4245
21,35,1788.05074528
21,36,1063.42003774
21,37,1583.74764151
21,38,1605.74683962
21,39,1493.7600283
21,40,2008.10371698
21,41,3140.72106604
21,42,4212.91848113
21,43,3932.00510377
21,44,2652.32330189
21,45,3266.36961321
21,46,4526.23125472
21,47,5114.57570755
21,48,5405.49056604
21,49,5424.57949057
21,50,5887.48192453
21,51,5196.46296226
21,52,4775.52467925
21,53,6074.83558491
21,54,6386.48283962
21,55,5496.53784906
21,56,6596.49436792
21,57,7896.71092453
21,58,8230.06868868
21,59,8609.08893396
21,60,7974.36016038
21,61,8842.92086792
21,62,7109.17620755
21,63,7863.09496226
21,64,8938.28428302
21,65,8039.56649057
21,66,9109.81048113
21,67,7751.37835849
21,68,9546.53298113
21,69,9831.45913208
21,70,9161.27050943
22,0,8540.14024528
22,1,7098.69383019
22,2,6628.37949057
22,3,8837.91138679
22,4,9431.76204717
22,5,8063.89151887
22,6,7402.32467925
22,7,8139.19598113
22,8,6225.61175472
22,9,6491.34181132
22,10,5257.09412264
22,11,4114.87261321
22,12,2681.47856604
22,13,3528.23811321
22,14,3567.39416981
22,15,3938.44717925
22,16,3324.98943396
22,17,2489.06318868
22,18,1240.93686792
22,19,1609.08534906
22,20,2208.43192453
22,21,792.335924528
22,22,0.0
22,23,1284.98299057
22,24,2228.97465094
22,25,3615.31588679
22,26,2107.11301887
22,27,1947.01390566
22,28,957.723566038
22,29,1925.65266981
22,30,1838.63603774
22,31,2859.20290566
22,32,1941.75548113
22,33,1143.43653774
22,34,697.545613208
22,35,1819.46331132
22,36,1080.82973585
22,37,1218.80633019
22,38,1139.33936792
22,39,1106.14091509
22,40,1542.43948113
22,41,3022.98966981
22,42,3898.3324717
22,43,3747.84581132
22,44,2286.00858491
22,45,2994.33086792
22,46,3980.9885566
22,47,4599.63554717
22,48,4894.3000283
22,49,5039.79472642
22,50,5513.45920755
22,51,4962.74971698
22,52,4698.30868868
22,53,6085.41600943
22,54,6335.40218868
22,55,5222.32837736
22,56,6262.22443396
22,57,7408.32883962
22,58,7714.7094717
22,59,8137.46879245
22,60,7485.8684717
22,61,8358.54467925
22,62,6689.2045566
22,63,7397.47664151
22,64,8423.44271698
22,65,7475.47893396
22,66,8489.72953774
22,67,7224.8259717
22,68,9007.95507547
22,69,9252.67966038
22,70,8573.72880189
23,0,8709.33936792
23,1,7196.39071698
23,2,6958.52985849
23,3,9111.9474434
23,4,9869.50230189
23,5,8708.20229245
23,6,8238.68327358
23,7,8933.37527358
23,8,7222.36435849
23,9,7625.44683019
23,10,6455.39884906
23,11,5294.50650943
23,12,3847.31715094
23,13,4527.81161321
23,14,4233.59695283
23,15,3599.12339623
23,16,2581.26545283
23,17,1726.97733962
23,18,1586.46819811
23,19,2489.30116038
23,20,3359.87661321
23,21,1814.64371698
23,22,1284.98299057
23,23,0.0
23,24,1365.92306604
23,25,2745.12414151
23,26,1526.12095283
23,27,2534.69650943
23,28,1946.00506604
23,29,3063.12112264
23,30,2720.98564151
23,31,4012.32406604
23,32,3078.97816981
23,33,1879.13240566
23,34,1056.59566038
23,35,1533.8249434
23,36,2158.21711321
23,37,840.752735849
23,38,953.380811321
23,39,1158.78025472
23,40,2285.62789623
23,41,4000.12990566
23,42,4180.02824528
23,43,4543.33441509
23,44,3003.86999057
23,45,3868.38006604
23,46,4338.44871698
23,47,4885.17036792
23,48,5300.58828302
23,49,5646.22395283
23,50,6157.55214151
23,51,5786.81196226
23,52,5587.74248113
23,53,7059.56815094
23,54,7286.9740566
23,55,5939.35738679
23,56,6699.50987736
23,57,7430.79348113
23,58,7650.72949057
23,59,8133.00917925
23,60,7545.83503774
23,61,8444.83734906
23,62,6924.04474528
23,63,7412.40065094
23,64,8181.45563208
23,65,7308.91276415
23,66,8172.02995283
23,67,7227.83924528
23,68,8830.18156604
23,69,8925.28018868
23,70,8294.49059434
24,0,7779.51185849
24,1,6312.43120755
24,2,6398.61571698
24,3,8389.58820755
24,4,9332.66521698
24,5,8491.92962264
24,6,8255.37208491
24,7,8846.6230566
24,8,7483.88196226
24,9,7950.46067925
24,10,7053.88392453
24,11,5781.17487736
24,12,4319.69283019
24,13,4593.6135283
24,14,4001.85123585
24,15,2780.83803774
24,16,1466.14756604
24,17,767.850462264
24,18,1659.22978302
24,19,3014.42908491
24,20,3988.61780189
24,21,2491.33833019
24,22,2228.97465094
24,23,1365.92306604
24,24,0.0
24,25,1549.70686792
24,26,659.164415094
24,27,2421.80795283
24,28,2623.7480283
24,29,3901.29635849
24,30,3582.95580189
24,31,4643.20314151
24,32,4114.1809434
24,33,2966.99017925
24,34,1969.51956604
24,35,1910.73325472
24,36,2854.1089717
24,37,1841.82563208
24,38,1529.86839623
24,39,2387.57480189
24,40,3445.95522642
24,41,5176.66827358
24,42,5513.25625472
24,43,5813.4275
24,44,4247.64233019
24,45,4825.30398113
24,46,5320.15966038
24,47,6132.57930189
24,48,6333.46183962
24,49,6428.39383962
24,50,7112.67746226
24,51,6554.57053774
24,52,6048.53253774
24,53,7526.58167925
24,54,7852.54239623
24,55,6565.44993396
24,56,6965.53538679
24,57,7509.37066981
24,58,7694.50238679
24,59,8116.71326415
24,60,7675.17135849
24,61,8607.09666981
24,62,7109.18833962
24,63,7409.21446226
24,64,8009.45695283
24,65,7427.19400943
24,66,8296.38687736
24,67,7418.1864434
24,68,8810.07641509
24,69,8885.65849057
24,70,8341.03630189
25,0,7844.31032075
25,1,6548.73361321
25,2,7055.63503774
25,3,8779.06153774
25,4,9918.2425566
25,5,9406.27877358
25,6,9328.89989623
25,7,9830.05220755
25,8,8694.37331132
25,9,9089.01690566
25,10,8333.57186792
25,11,7015.82393396
25,12,5540.40525472
25,13,5542.75416038
25,14,4406.38529245
25,15,2117.30616981
25,16,1255.59580189
25,17,1181.43781132
25,18,2781.04456604
25,19,3968.3859717
25,20,5351.47529245
25,21,3707.59716981
25,22,3615.31588679
25,23,2745.12414151
25,24,1549.70686792
25,25,0.0
25,26,1559.49923585
25,27,3565.75227358
25,28,4057.604
25,29,5335.5379434
25,30,5098.38160377
25,31,6004.79056604
25,32,5510.13536792
25,33,4467.55471698
25,34,3353.7415566
25,35,2673.30270755
25,36,4246.36703774
25,37,3125.48636792
25,38,3009.39932075
25,39,3657.27919811
25,40,4936.81765094
25,41,6605.02635849
25,42,6724.96365094
25,43,7202.42887736
25,44,5676.19304717
25,45,6352.12980189
25,46,6841.55089623
25,47,7565.48683962
25,48,7852.71016038
25,49,7952.1975283
25,50,8657.19340566
25,51,8068.14929245
25,52,7443.26126415
25,53,8886.59557547
25,54,9267.92954717
25,55,8048.16206604
25,56,8287.84793396
25,57,8643.32108491
25,58,8775.8624717
25,59,9170.68142453
25,60,8843.44359434
25,61,9781.31819811
25,62,8361.43210377
25,63,8500.27078302
25,64,8880.89639623
25,65,8531.83669811
25,66,9292.36865094
25,67,8610.72277358
25,68,9777.4394717
25,69,9763.69564151
25,70,9310.24904717
26,0,7717.44214151
26,1,6339.62523585
26,2,6445.95957547
26,3,8410.93137736
26,4,9340.7655
26,5,8489.182
26,6,8192.14789623
26,7,8778.76078302
26,8,7368.65537736
26,9,7708.47369811
26,10,6831.42786792
26,11,5535.67162264
26,12,4039.67700943
26,13,4232.55215094
26,14,3429.37456604
26,15,2325.04515094
26,16,1519.8635566
26,17,552.596613208
26,18,1255.67958491
26,19,2550.7309434
26,20,3816.70939623
26,21,2175.14723585
26,22,2107.11301887
26,23,1526.12095283
26,24,659.164415094
26,25,1559.49923585
26,26,0.0
26,27,2200.89158491
26,28,2523.99504717
26,29,3789.52841509
26,30,3618.60283962
26,31,4479.09033019
26,32,3971.80060377
26,33,3017.78666981
26,34,1880.42367925
26,35,1558.35091509
26,36,2702.75759434
26,37,1804.02888679
26,38,1633.91359434
26,39,2340.54880189
26,40,3494.47267925
26,41,5104.66463208
26,42,5549.29710377
26,43,5775.5564717
26,44,4259.71183962
26,45,4879.51417925
26,46,5596.95015094
26,47,6357.21278302
26,48,6598.06519811
26,49,6638.39385849
26,50,7299.39763208
26,51,6655.03082075
26,52,6067.14926415
26,53,7495.34321698
26,54,7859.05924528
26,55,6716.75622642
26,56,7224.23296226
26,57,7939.53075472
26,58,8156.65190566
26,59,8549.06459434
26,60,8097.33323585
26,61,9027.8625566
26,62,7456.54719811
26,63,7827.84899057
26,64,8505.83778302
26,65,7922.781
26,66,8848.84496226
26,67,7863.60365094
26,68,9309.17895283
26,69,9428.96395283
26,70,8877.35073585
27,0,6654.88376415
27,1,5288.70878302
27,2,4884.40999057
27,3,7014.55875472
27,4,7669.53889623
27,5,6515.22833962
27,6,6052.97560377
27,7,6675.93045283
27,8,5183.13467925
27,9,5563.3640566
27,10,4852.57214151
27,11,3524.71711321
27,12,2189.58250943
27,13,2278.09143396
27,14,2671.70870755
27,15,3643.94667925
27,16,3029.51251887
27,17,2669.88293396
27,18,1394.32916981
27,19,2261.64428302
27,20,2082.77016981
27,21,1792.76509434
27,22,1947.01390566
27,23,2534.69650943
27,24,2421.80795283
27,25,3565.75227358
27,26,2200.89158491
27,27,0.0
27,28,1455.84995283
27,29,2389.25058491
27,30,2417.18004717
27,31,2639.20073585
27,32,2975.65177358
27,33,2507.00677358
27,34,2130.3684434
27,35,2890.75516981
27,36,1582.8375
27,37,2655.60176415
27,38,1954.26745283
27,39,2881.05819811
27,40,2936.37880189
27,41,4192.12480189
27,42,5686.35703774
27,43,5161.2915283
27,44,3836.64307547
27,45,3587.32011321
27,46,4807.0259717
27,47,6008.89590566
27,48,5757.2709717
27,49,5258.53864151
27,50,6039.76624528
27,51,5011.09563208
27,52,4084.40686792
27,53,5421.30772642
27,54,5868.16333962
27,55,5046.15612264
27,56,5647.76058491
27,57,6914.72234906
27,58,7262.84245283
27,59,7530.16309434
27,60,7030.87607547
27,61,7922.09934906
27,62,6140.10983962
27,63,6795.17741509
27,64,7887.31276415
27,65,7270.20796226
27,66,8451.69664151
27,67,6930.75953774
27,68,8593.42362264
27,69,8987.52033962
27,70,8369.47433019
28,0,7992.69235849
28,1,6549.54848113
28,2,5912.95371698
28,3,8158.64626415
28,4,8664.30326415
28,5,7213.90174528
28,6,6525.25546226
28,7,7270.68459434
28,8,5362.40214151
28,9,5710.35970755
28,10,4553.86548113
28,11,3381.48316038
28,12,2007.87365094
28,13,2897.42149057
28,14,3463.85188679
28,15,4331.75566038
28,16,3633.20571698
28,17,2965.23464151
28,18,1523.95092453
28,19,1896.10470755
28,20,1453.32298113
28,21,1115.63762264
28,22,957.723566038
28,23,1946.00506604
28,24,2623.7480283
28,25,4057.604
28,26,2523.99504717
28,27,1455.84995283
28,28,0.0
28,29,1300.08953774
28,30,1235.53683962
28,31,2105.29149057
28,32,1711.5175566
28,33,1130.84881132
28,34,1321.04864151
28,35,2548.10803774
28,36,538.109490566
28,37,1927.55293396
28,38,1475.06889623
28,39,1860.80163208
28,40,1518.04265094
28,41,2870.08369811
28,42,4309.99972642
28,43,3794.25704717
28,44,2448.38810377
28,45,2462.28506604
28,46,3681.85168868
28,47,4632.33145283
28,48,4599.92454717
28,49,4445.69433019
28,50,5027.59011321
28,51,4277.04388679
28,52,3851.38317925
28,53,5246.04361321
28,54,5530.17093396
28,55,4492.33133962
28,56,5519.53030189
28,57,6841.50799057
28,58,7191.81750943
28,59,7562.12351887
28,60,6910.65428302
28,61,7771.48909434
28,62,6028.63383962
28,63,6825.63988679
28,64,7987.83476415
28,65,7067.35911321
28,66,8176.14151887
28,67,6711.23156604
28,68,8545.80017925
28,69,8893.46530189
28,70,8198.09336792
29,0,8532.18815094
29,1,7148.3749434
29,2,6206.79725472
29,3,8476.6345
29,4,8742.47613208
29,5,6992.52370755
29,6,6039.83846226
29,7,6864.75277358
29,8,4628.14916981
29,9,4873.20180189
29,10,3474.11022642
29,11,2497.10425472
29,12,1490.40139623
29,13,2823.61662264
29,14,3978.66222642
29,15,5435.79335849
29,16,4871.95892453
29,17,4224.01062264
29,18,2690.15772642
29,19,2440.10890566
29,20,719.061745283
29,21,1939.76183019
29,22,1925.65266981
29,23,3063.12112264
29,24,3901.29635849
29,25,5335.5379434
29,26,3789.52841509
29,27,2389.25058491
29,28,1300.08953774
29,29,0.0
29,30,915.374707547
29,31,1129.0529434
29,32,928.250358491
29,33,1535.42117925
29,34,2319.29916038
29,35,3538.50145283
29,36,1216.35916981
29,37,2887.67080189
29,38,2625.18691509
29,39,2612.29837736
29,40,1507.14106604
29,41,1914.79232075
29,42,4067.595
29,43,3055.2359434
29,44,2214.03861321
29,45,1547.38826415
29,46,3258.01511321
29,47,4156.08121698
29,48,3993.73315094
29,49,3717.09487736
29,50,4148.39235849
29,51,3324.60651887
29,52,3091.36665094
29,53,4340.22463208
29,54,4554.65396226
29,55,3730.36261321
29,56,5183.584
29,57,6864.59357547
29,58,7279.87193396
29,59,7620.91816981
29,60,6875.02339623
29,61,7656.96883019
29,62,5875.00411321
29,63,6907.16719811
29,64,8282.15706604
29,65,7224.11832075
29,66,8378.00441509
29,67,6707.98567925
29,68,8692.81722642
29,69,9147.95535849
29,70,8401.69888679
30,0,8483.14227358
30,1,6982.54031132
30,2,6050.03333962
30,3,8363.70985849
30,4,8684.51800943
30,5,6990.48993396
30,6,6178.60950943
30,7,6996.21806604
30,8,4916.16087736
30,9,5416.84923585
30,10,4096.3520566
30,11,3161.72833019
30,12,2217.24026415
30,13,3390.26962264
30,14,4471.89186792
30,15,5489.35039623
30,16,4617.5545
30,17,4025.16828302
30,18,2713.69808491
30,19,2874.30998113
30,20,1382.1905
30,21,2159.33771698
30,22,1838.63603774
30,23,2720.98564151
30,24,3582.95580189
30,25,5098.38160377
30,26,3618.60283962
30,27,2417.18004717
30,28,1235.53683962
30,29,915.374707547
30,30,0.0
30,31,1745.91874528
30,32,1425.61530189
30,33,1087.39140566
30,34,2122.58306604
30,35,3488.84354717
30,36,1301.27079245
30,37,2642.39462264
30,38,2246.87123585
30,39,2445.46473585
30,40,1158.60864151
30,41,2191.98337736
30,42,3978.2150566
30,43,3189.21395283
30,44,2097.51616981
30,45,1306.59378302
30,46,2601.11614151
30,47,3730.04301887
30,48,3457.89506604
30,49,3284.3544717
30,50,3818.78814151
30,51,3162.29521698
30,52,3092.66558491
30,53,4500.23516038
30,54,4650.87700943
30,55,3443.19133019
30,56,4722.58448113
30,57,6182.35070755
30,58,6564.78720755
30,59,6954.23285849
30,60,6203.31088679
30,61,7006.23135849
30,62,5285.35985849
30,63,6244.54809434
30,64,7560.74283019
30,65,6475.02757547
30,66,7575.48215094
30,67,5995.38427358
30,68,7958.43945283
30,69,8362.79558491
30,70,7608.88893396
31,0,8074.05916981
31,1,6811.24293396
31,2,5704.8289434
31,3,7909.87664151
31,4,8027.62672642
31,5,6166.76983962
31,6,5086.16990566
31,7,5916.62887736
31,8,3594.29786792
31,9,3771.29400943
31,10,2482.25382075
31,11,1429.57641509
31,12,978.754650943
31,13,2217.49393396
31,14,3941.5955566
31,15,5915.26759434
31,16,5462.36337736
31,17,4939.1599717
31,18,3330.99353774
31,19,3017.56259434
31,20,694.462641509
31,21,2705.39388679
31,22,2859.20290566
31,23,4012.32406604
31,24,4643.20314151
31,25,6004.79056604
31,26,4479.09033019
31,27,2639.20073585
31,28,2105.29149057
31,29,1129.0529434
31,30,1745.91874528
31,31,0.0
31,32,1779.13323585
31,33,2560.52911321
31,34,3222.91564151
31,35,4363.72632075
31,36,1985.02127358
31,37,3825.59870755
31,38,3458.69066981
31,39,3639.50259434
31,40,2561.90190566
31,41,2531.3359434
31,42,4978.10548113
31,43,3700.86657547
31,44,3142.47054717
31,45,1969.49416981
31,46,3825.39720755
31,47,4914.00524528
31,48,4448.05075472
31,49,3722.01651887
31,50,4233.5389434
31,51,3034.17163208
31,52,2388.03553774
31,53,3456.40538679
31,54,3782.68577358
31,55,3418.7814434
31,56,4890.48075472
31,57,6865.98933962
31,58,7337.89648113
31,59,7576.22815094
31,60,6860.92
31,61,7598.62273585
31,62,5743.94208491
31,63,6877.23029245
31,64,8388.4895
31,65,7419.95903774
31,66,8678.16301887
31,67,6792.94780189
31,68,8787.96776415
31,69,9366.21046226
31,70,8631.51635849
32,0,9330.13150943
32,1,7959.7660566
32,2,7078.68020755
32,3,9339.1555
32,4,9612.78510377
32,5,7842.49029245
32,6,6825.98620755
32,7,7663.45891509
32,8,5321.41789623
32,9,5395.31737736
32,10,3823.26353774
32,11,3003.71977358
32,12,2030.28469811
32,13,3400.33873585
32,14,4218.40089623
32,15,5559.27401887
32,16,5143.12150943
32,17,4367.98276415
32,18,2887.15595283
32,19,2298.59199057
32,20,1478.54490566
32,21,1932.11345283
32,22,1941.75548113
32,23,3078.97816981
32,24,4114.1809434
32,25,5510.13536792
32,26,3971.80060377
32,27,2975.65177358
32,28,1711.5175566
32,29,928.250358491
32,30,1425.61530189
32,31,1779.13323585
32,32,0.0
32,33,1501.55678302
32,34,2257.12685849
32,35,3334.66839623
32,36,1490.29637736
32,37,2721.77758491
32,38,2794.814
32,39,2327.78368868
32,40,1342.48353774
32,41,1300.7044717
32,42,3371.71360377
32,43,2410.36745283
32,44,1755.48830189
32,45,1826.8705
32,46,3391.64237736
32,47,3816.15988679
32,48,4036.4515566
32,49,4115.90049057
32,50,4316.34700943
32,51,3762.44611321
32,52,3819.63578302
32,53,4960.00164151
32,54,5100.90592453
32,55,4295.69990566
32,56,5903.86608491
32,57,7528.98899057
32,58,7925.01828302
32,59,8311.3154434
32,60,7527.86049057
32,61,8292.61193396
32,62,6570.3220283
32,63,7589.62328302
32,64,8910.72648113
32,65,7757.84724528
32,66,8845.953
32,67,7296.11193396
32,68,9299.46750943
32,69,9682.80757547
32,70,8928.22393396
33,0,8915.0374717
33,1,7394.8570283
33,2,6688.5655
33,3,8975.62981132
33,4,9434.4395
33,5,7882.13871698
33,6,7145.7254717
33,7,7938.33925472
33,8,5907.91180189
33,9,6313.78650943
33,10,4947.40511321
33,11,3966.079
33,12,2771.9394434
33,13,3882.42193396
33,14,4423.7499434
33,15,4951.232
33,16,4096.75757547
33,17,3370.07490566
33,18,2244.99745283
33,19,2466.7449434
33,20,2049.55693396
33,21,1683.30371698
33,22,1143.43653774
33,23,1879.13240566
33,24,2966.99017925
33,25,4467.55471698
33,26,3017.78666981
33,27,2507.00677358
33,28,1130.84881132
33,29,1535.42117925
33,30,1087.39140566
33,31,2560.52911321
33,32,1501.55678302
33,33,0.0
33,34,1276.44438679
33,35,2617.95267925
33,36,1154.02210377
33,37,1683.43750943
33,38,1582.74225472
33,39,1487.11741509
33,40,653.470188679
33,41,2323.39883019
33,42,3400.09089623
33,43,3079.78895283
33,44,1675.37860377
33,45,2079.46133962
33,46,2915.43617925
33,47,3610.07142453
33,48,3808.86473585
33,49,4063.27827358
33,50,4469.84622642
33,51,4083.9989717
33,52,4126.70450943
33,53,5528.84239623
33,54,5666.45887736
33,55,4383.21757547
33,56,5572.39941509
33,57,6758.74032075
33,58,7079.25320755
33,59,7533.58611321
33,60,6802.52781132
33,61,7630.96620755
33,62,6004.57184906
33,63,6809.07759434
33,64,7934.29436792
33,65,6831.53299057
33,66,7824.5350566
33,67,6508.17519811
33,68,8386.74623585
33,69,8649.25579245
33,70,7919.74011321
34,0,8604.82087736
34,1,7147.94831132
34,2,6761.03791509
34,3,8948.07265094
34,4,9593.24206604
34,5,8292.53073585
34,6,7688.48243396
34,7,8410.26668868
34,8,6558.80314151
34,9,6857.19920755
34,10,5644.13983019
34,11,4500.13592453
34,12,3068.98025472
34,13,3846.45633019
34,14,3736.63718868
34,15,3781.83404717
34,16,3083.72539623
34,17,2226.11837736
34,18,1233.84599057
34,19,1834.05633962
34,20,2596.63404717
34,21,1099.4245
34,22,697.545613208
34,23,1056.59566038
34,24,1969.51956604
34,25,3353.7415566
34,26,1880.42367925
34,27,2130.3684434
34,28,1321.04864151
34,29,2319.29916038
34,30,2122.58306604
34,31,3222.91564151
34,32,2257.12685849
34,33,1276.44438679
34,34,0.0
34,35,1405.15166038
34,36,1268.20465094
34,37,683.462811321
34,38,897.642122642
34,39,968.079330189
34,40,1740.70686792
34,41,3283.16970755
34,42,3903.63416981
34,43,3937.06371698
34,44,2447.74241509
34,45,3260.27148113
34,46,4094.77381132
34,47,4657.4105283
34,48,5022.35801887
34,49,5248.91995283
34,50,5718.19996226
34,51,5234.58410377
34,52,5003.99898113
34,53,6410.18042453
34,54,6651.57856604
34,55,5473.39651887
34,56,6443.44527358
34,57,7474.42942453
34,58,7756.73687736
34,59,8195.77733019
34,60,7563.27643396
34,61,8439.71093396
34,62,6814.60289623
34,63,7450.31757547
34,64,8397.89739623
34,65,7464.67429245
34,66,8437.43385849
34,67,7268.33863208
34,68,9000.41948113
34,69,9185.04377358
34,70,8523.48482075
35,0,8995.70033962
35,1,7653.07282075
35,2,7571.28566981
35,3,9619.43934906
35,4,10411.5331415
35,5,9311.42431132
35,6,8773.16716981
35,7,9443.09209434
35,8,7680.85093396
35,9,7821.42985849
35,10,6670.06963208
35,11,5488.96872642
35,12,3991.2864717
35,13,4508.58710377
35,14,3632.44751887
35,15,2860.97890566
35,16,2724.36211321
35,17,1679.28577358
35,18,1566.77584906
35,19,1964.23420755
35,20,3729.26322642
35,21,1788.05074528
35,22,1819.46331132
35,23,1533.8249434
35,24,1910.73325472
35,25,2673.30270755
35,26,1558.35091509
35,27,2890.75516981
35,28,2548.10803774
35,29,3538.50145283
35,30,3488.84354717
35,31,4363.72632075
35,32,3334.66839623
35,33,2617.95267925
35,34,1405.15166038
35,35,0.0
35,36,2456.02462264
35,37,1111.69172642
35,38,1824.6480566
35,39,1525.16978302
35,40,3007.23704717
35,41,4336.46958491
35,42,4393.26876415
35,43,4839.14053774
35,44,3508.03421698
35,45,4597.18554717
35,46,5395.01633019
35,47,5678.41314151
35,48,6298.66292453
35,49,6636.62157547
35,50,7061.63066981
35,51,6604.94983962
35,52,6301.66759434
35,53,7666.71580189
35,54,7952.76185849
35,55,6858.17043396
35,56,7766.94466038
35,57,8673.89584906
35,58,8917.58821698
35,59,9361.18740566
35,60,8787.63078302
35,61,9682.4170283
35,62,8094.08042453
35,63,8616.42372642
35,64,9400.48534906
35,65,8572.74787736
35,66,9466.06826415
35,67,8475.70721698
35,68,10084.6620377
35,69,10175.5165189
35,70,9571.91640566
36,0,8123.34562264
36,1,6715.71839623
36,2,6065.74859434
36,3,8297.21415094
36,4,8773.10346226
36,5,7290.00307547
36,6,6549.23416038
36,7,7301.11163208
36,8,5332.88551887
36,9,5607.06037736
36,10,4413.95288679
36,11,3257.91908491
36,12,1880.55022642
36,13,2815.79351887
36,14,3372.07924528
36,15,4383.7994717
36,16,3802.81527358
36,17,3134.09183962
36,18,1614.59585849
36,19,1763.37888679
36,20,1362.18477358
36,21,1063.42003774
36,22,1080.82973585
36,23,2158.21711321
36,24,2854.1089717
36,25,4246.36703774
36,26,2702.75759434
36,27,1582.8375
36,28,538.109490566
36,29,1216.35916981
36,30,1301.27079245
36,31,1985.02127358
36,32,1490.29637736
36,33,1154.02210377
36,34,1268.20465094
36,35,2456.02462264
36,36,0.0
36,37,1875.9794434
36,38,1628.60819811
36,39,1895.66861321
36,40,1529.44053774
36,41,2682.53191509
36,42,4205.59595283
36,43,3631.34375472
36,44,2367.63679245
36,45,2425.58219811
36,46,3760.70460377
36,47,4622.82624528
36,48,4642.15281132
36,49,4502.42090566
36,50,5028.48229245
36,51,4273.89438679
36,52,3874.5569434
36,53,5218.43165094
36,54,5500.73800943
36,55,4545.39186792
36,56,5666.40582075
36,57,7062.35100943
36,58,7424.16837736
36,59,7786.19224528
36,60,7122.12922642
36,61,7967.74296226
36,62,6216.27675472
36,63,7038.61254717
36,64,8223.84940566
36,65,7279.99467925
36,66,8397.75749057
36,67,6908.27088679
36,68,8763.28178302
36,69,9110.75326415
36,70,8418.13379245
37,0,8976.29322642
37,1,7508.95201887
37,2,7219.80010377
37,3,9378.62209434
37,4,10079.640434
37,5,8839.46315094
37,6,8275.68416038
37,7,8990.16641509
37,8,7164.95008491
37,9,7467.21930189
37,10,6229.61404717
37,11,5104.00882075
37,12,3666.69741509
37,13,4417.66467925
37,14,4090.38116981
37,15,3683.11291509
37,16,2957.45038679
37,17,2039.4785566
37,18,1582.15279245
37,19,2173.89525472
37,20,3201.3720283
37,21,1583.74764151
37,22,1218.80633019
37,23,840.752735849
37,24,1841.82563208
37,25,3125.48636792
37,26,1804.02888679
37,27,2655.60176415
37,28,1927.55293396
37,29,2887.67080189
37,30,2642.39462264
37,31,3825.59870755
37,32,2721.77758491
37,33,1683.43750943
37,34,683.462811321
37,35,1111.69172642
37,36,1875.9794434
37,37,0.0
37,38,1137.26303774
37,39,810.716311321
37,40,2087.90574528
37,41,3626.52580189
37,42,3783.15136792
37,43,4132.54469811
37,44,2660.71534906
37,45,3706.49386792
37,46,4329.83365094
37,47,4704.58141509
37,48,5244.72080189
37,49,5642.28501887
37,50,6060.37656604
37,51,5707.53021698
37,52,5568.94798113
37,53,6986.14533962
37,54,7201.77191509
37,55,5947.38913208
37,56,6879.70572642
37,57,7761.19983962
37,58,8008.02118868
37,59,8481.39276415
37,60,7857.11518868
37,61,8734.2524434
37,62,7180.56312264
37,63,7745.56551887
37,64,8590.06580189
37,65,7648.65437736
37,66,8533.49478302
37,67,7518.15741509
37,68,9184.78624528
37,69,9293.01687736
37,70,8653.36317925
38,0,8128.54561321
38,1,6609.82883962
38,2,6285.06968868
38,3,8457.62029245
38,4,9167.68451887
38,5,7979.11059434
38,6,7516.7675566
38,7,8203.40782075
38,8,6540.76878302
38,9,6999.00662264
38,10,5916.36320755
38,11,4728.59723585
38,12,3327.87015094
38,13,3962.75966038
38,14,3929.80183019
38,15,3723.95374528
38,16,2672.34316981
38,17,1972.64281132
38,18,1329.62064151
38,19,2374.74291509
38,20,2828.32251887
38,21,1605.74683962
38,22,1139.33936792
38,23,953.380811321
38,24,1529.86839623
38,25,3009.39932075
38,26,1633.91359434
38,27,1954.26745283
38,28,1475.06889623
38,29,2625.18691509
38,30,2246.87123585
38,31,3458.69066981
38,32,2794.814
38,33,1582.74225472
38,34,897.642122642
38,35,1824.6480566
38,36,1628.60819811
38,37,1137.26303774
38,38,0.0
38,39,1472.67633962
38,40,2067.46433019
38,41,3794.59879245
38,42,4420.83091509
38,43,4472.11821698
38,44,2910.23342453
38,45,3435.43472642
38,46,4063.67722642
38,47,4883.71300943
38,48,5055.04708491
38,49,5181.3774434
38,50,5784.21406604
38,51,5264.31516038
38,52,4942.36296226
38,53,6413.98093396
38,54,6672.9509717
38,55,5377.70983019
38,56,6096.36420755
38,57,6950.45728302
38,58,7205.94986792
38,59,7644.16224528
38,60,7064.75532075
38,61,7961.803
38,62,6374.90857547
38,63,6911.73410377
38,64,7787.70327358
38,65,6936.19431132
38,66,7901.25123585
38,67,6783.79256604
38,68,8432.29883962
38,69,8607.64474528
38,70,7966.3204717
39,0,9388.13789623
39,1,7921.61851887
39,2,7518.43436792
39,3,9722.32428302
39,4,10348.7181132
39,5,8986.64895283
39,6,8318.2505
39,7,9069.9970283
39,8,7099.59111321
39,9,7339.0600283
39,10,5981.31416981
39,11,4927.5295
39,12,3538.07208491
39,13,4457.68477358
39,14,4258.05190566
39,15,4123.56306604
39,16,3520.5554717
39,17,2577.72610377
39,18,1885.45026415
39,19,2062.78958491
39,20,3032.36617925
39,21,1493.7600283
39,22,1106.14091509
39,23,1158.78025472
39,24,2387.57480189
39,25,3657.27919811
39,26,2340.54880189
39,27,2881.05819811
39,28,1860.80163208
39,29,2612.29837736
39,30,2445.46473585
39,31,3639.50259434
39,32,2327.78368868
39,33,1487.11741509
39,34,968.079330189
39,35,1525.16978302
39,36,1895.66861321
39,37,810.716311321
39,38,1472.67633962
39,39,0.0
39,40,1670.77000943
39,41,3130.54960377
39,42,3240.68220755
39,43,3598.45388679
39,44,2161.77791509
39,45,3391.22812264
39,46,4080.98726415
39,47,4299.0649717
39,48,4950.57408491
39,49,5443.43780189
39,50,5768.9545283
39,51,5482.83145283
39,52,5467.64786792
39,53,6851.79484906
39,54,7031.72318868
39,55,5799.2025283
39,56,6899.55383962
39,57,7879.96189623
39,58,8143.27419811
39,59,8631.68496226
39,60,7956.67983962
39,61,8813.82418868
39,62,7247.70915094
39,63,7930.1824717
39,64,8863.70065094
39,65,7837.28776415
39,66,8711.48933962
39,67,7646.79901887
39,68,9392.23695283
39,69,9533.78439623
39,70,8844.13825472
40,0,9313.45139623
40,1,7797.46689623
40,2,7005.48808491
40,3,9306.26908491
40,4,9694.80865094
40,5,8046.74913208
40,6,7229.49374528
40,7,8049.78914151
40,8,5912.30711321
40,9,6285.03150943
40,10,4813.89812264
40,11,3943.53435849
40,12,2876.19384906
40,13,4103.55479245
40,14,4748.90003774
40,15,5393.49816038
40,16,4584.03536792
40,17,3836.9444717
40,18,2695.48498113
40,19,2708.74418868
40,20,2125.78559434
40,21,2008.10371698
40,22,1542.43948113
40,23,2285.62789623
40,24,3445.95522642
40,25,4936.81765094
40,26,3494.47267925
40,27,2936.37880189
40,28,1518.04265094
40,29,1507.14106604
40,30,1158.60864151
40,31,2561.90190566
40,32,1342.48353774
40,33,653.470188679
40,34,1740.70686792
40,35,3007.23704717
40,36,1529.44053774
40,37,2087.90574528
40,38,2067.46433019
40,39,1670.77000943
40,40,0.0
40,41,1851.18232075
40,42,2951.02429245
40,43,2562.1905283
40,44,1164.17460377
40,45,1750.97816038
40,46,2637.90653774
40,47,3184.07
40,48,3473.07069811
40,49,3847.4210566
40,50,4132.16466981
40,51,3857.51200943
40,52,4089.12342453
40,53,5436.56464151
40,54,5519.06354717
40,55,4243.18533019
40,56,5591.86701887
40,57,6844.45371698
40,58,7175.01257547
40,59,7641.51642453
40,60,6867.34233962
40,61,7662.00048113
40,62,6056.41933962
40,63,6975.26680189
40,64,8173.16174528
40,65,7006.13753774
40,66,7957.65983019
40,67,6608.20120755
40,68,8525.821
40,69,8815.27216038
40,70,8048.71543396
41,0,10374.5923396
41,1,8977.52025472
41,2,7938.55689623
41,3,10214.5358962
41,4,10347.2664434
41,5,8402.07219811
41,6,7262.16238679
41,7,8145.13873585
41,8,5656.2230283
41,9,5722.17216981
41,10,3964.53056604
41,11,3548.41080189
41,12,3034.40922642
41,13,4457.21864151
41,14,5422.73615094
41,15,6737.37073585
41,16,6255.67915094
41,17,5469.86272642
41,18,4099.33768868
41,19,3463.78851887
41,20,2488.76542453
41,21,3140.72106604
41,22,3022.98966981
41,23,4000.12990566
41,24,5176.66827358
41,25,6605.02635849
41,26,5104.66463208
41,27,4192.12480189
41,28,2870.08369811
41,29,1914.79232075
41,30,2191.98337736
41,31,2531.3359434
41,32,1300.7044717
41,33,2323.39883019
41,34,3283.16970755
41,35,4336.46958491
41,36,2682.53191509
41,37,3626.52580189
41,38,3794.59879245
41,39,3130.54960377
41,40,1851.18232075
41,41,0.0
41,42,2662.50612264
41,43,1270.30966981
41,44,1424.88589623
41,45,1672.74770755
41,46,3012.50691509
41,47,2989.37072642
41,48,3385.54606604
41,49,3775.74987736
41,50,3609.4475
41,51,3453.33040566
41,52,4061.74301887
41,53,5010.5035283
41,54,4966.72277358
41,55,4164.26672642
41,56,6039.15441509
41,57,7700.07089623
41,58,8099.49599057
41,59,8517.15276415
41,60,7651.60280189
41,61,8325.67408491
41,62,6719.8980566
41,63,7890.4405566
41,64,9295.84963208
41,65,7999.50595283
41,66,8983.58277358
41,67,7438.3625283
41,68,9486.91604717
41,69,9887.4645566
41,70,9079.89053774
42,0,12143.6551038
42,1,10637.1697642
42,2,9862.08190566
42,3,12149.3964528
42,4,12474.4423962
42,5,10698.5134151
42,6,9717.94754717
42,7,10582.8106321
42,8,8216.04663208
42,9,8339.80379245
42,10,6596.93535849
42,11,6116.25175472
42,12,5293.94879245
42,13,6604.15453774
42,14,6869.5144434
42,15,7151.73563208
42,16,6641.61796226
42,17,5733.57788679
42,18,4995.43204717
42,19,4517.38633019
42,20,4706.65481132
42,21,4212.91848113
42,22,3898.3324717
42,23,4180.02824528
42,24,5513.25625472
42,25,6724.96365094
42,26,5549.29710377
42,27,5686.35703774
42,28,4309.99972642
42,29,4067.595
42,30,3978.2150566
42,31,4978.10548113
42,32,3371.71360377
42,33,3400.09089623
42,34,3903.63416981
42,35,4393.26876415
42,36,4205.59595283
42,37,3783.15136792
42,38,4420.83091509
42,39,3240.68220755
42,40,2951.02429245
42,41,2662.50612264
42,42,0.0
42,43,1891.46031132
42,44,2030.87399057
42,45,3750.4494434
42,46,3887.61153774
42,47,2587.55150943
42,48,4156.24537736
42,49,5439.19061321
42,50,5039.62840566
42,51,5569.80017925
42,52,6438.79220755
42,53,7498.19158491
42,54,7366.68366038
42,55,6185.56601887
42,56,7818.26839623
42,57,8891.62793396
42,58,9159.20114151
42,59,9724.4505566
42,60,8863.34206604
42,61,9527.93485849
42,62,8209.97233019
42,63,9183.90140566
42,64,10289.0772642
42,65,8916.54024528
42,66,9536.41772642
42,67,8540.44773585
42,68,10391.0917075
42,69,10524.3918679
42,70,9729.68821698
43,0,11378.3553679
43,1,9950.40983962
43,2,8930.11040566
43,3,11200.9453396
43,4,11322.1416132
43,5,9362.63215094
43,6,8223.16804717
43,7,9107.88909434
43,8,6629.66384906
43,9,6688.86390566
43,10,4924.09633962
43,11,4647.29864151
43,12,4170.73970755
43,13,5555.78483019
43,14,6343.12114151
43,15,7409.59088679
43,16,6924.00967925
43,17,6092.42623585
43,18,4882.56998113
43,19,4224.33789623
43,20,3631.13862264
43,21,3932.00510377
43,22,3747.84581132
43,23,4543.33441509
43,24,5813.4275
43,25,7202.42887736
43,26,5775.5564717
43,27,5161.2915283
43,28,3794.25704717
43,29,3055.2359434
43,30,3189.21395283
43,31,3700.86657547
43,32,2410.36745283
43,33,3079.78895283
43,34,3937.06371698
43,35,4839.14053774
43,36,3631.34375472
43,37,4132.54469811
43,38,4472.11821698
43,39,3598.45388679
43,40,2562.1905283
43,41,1270.30966981
43,42,1891.46031132
43,43,0.0
43,44,1629.16008491
43,45,2527.17379245
43,46,3280.80959434
43,47,2606.43003774
43,48,3452.52746226
43,49,4270.69858491
43,50,3800.13940566
43,51,4108.66437736
43,52,5011.51213208
43,53,5863.62590566
43,54,5707.64940566
43,55,4850.82366981
43,56,6733.28223585
43,57,8241.40488679
43,58,8606.21319811
43,59,9069.92333962
43,60,8175.81869811
43,61,8793.12516038
43,62,7337.21725472
43,63,8535.38724528
43,64,9906.74732075
43,65,8538.80677358
43,66,9368.31528302
43,67,7961.87873585
43,68,9955.30996226
43,69,10298.603283
43,70,9471.91699057
44,0,10210.8263868
44,1,8718.86682075
44,2,7881.64313208
44,3,10168.6698679
44,4,10483.0150189
44,5,8741.70321698
44,6,7819.792
44,7,8663.23446226
44,8,6400.46171698
44,9,6656.65356604
44,10,5057.92338679
44,11,4384.08283962
44,12,3493.77883019
44,13,4779.13508491
44,14,5368.57074528
44,15,6053.13818868
44,16,5380.647
44,17,4575.63416038
44,18,3455.22958491
44,19,3197.48915094
44,20,2823.35335849
44,21,2652.32330189
44,22,2286.00858491
44,23,3003.86999057
44,24,4247.64233019
44,25,5676.19304717
44,26,4259.71183962
44,27,3836.64307547
44,28,2448.38810377
44,29,2214.03861321
44,30,2097.51616981
44,31,3142.47054717
44,32,1755.48830189
44,33,1675.37860377
44,34,2447.74241509
44,35,3508.03421698
44,36,2367.63679245
44,37,2660.71534906
44,38,2910.23342453
44,39,2161.77791509
44,40,1164.17460377
44,41,1424.88589623
44,42,2030.87399057
44,43,1629.16008491
44,44,0.0
44,45,1988.33067925
44,46,2762.76915094
44,47,2663.13759434
44,48,3368.66514151
44,49,4076.68471698
44,50,4036.98020755
44,51,4072.51812264
44,52,4620.22259434
44,53,5804.7020283
44,54,5790.60600943
44,55,4610.0105566
44,56,6163.27819811
44,57,7451.17666981
44,58,7779.74841509
44,59,8263.55571698
44,60,7442.90672642
44,61,8172.13787736
44,62,6651.20722642
44,63,7674.25825472
44,64,8911.23035849
44,65,7653.71937736
44,66,8505.7685283
44,67,7195.85503774
44,68,9120.10213208
44,69,9399.9475566
44,70,8607.20519811
45,0,9238.83948113
45,1,7761.755
45,2,6585.46817925
45,3,8885.44069811
45,4,8988.56599057
45,5,7052.27712264
45,6,6058.80164151
45,7,6934.66638679
45,8,4656.75549057
45,9,5177.50412264
45,10,3690.80191509
45,11,3150.42583962
45,12,2760.69361321
45,13,4054.24433019
45,14,5449.32216038
45,15,6711.24426415
45,16,5855.25922642
45,17,5274.64375472
45,18,3947.45228302
45,19,3859.00231132
45,20,1997.83615094
45,21,3266.36961321
45,22,2994.33086792
45,23,3868.38006604
45,24,4825.30398113
45,25,6352.12980189
45,26,4879.51417925
45,27,3587.32011321
45,28,2462.28506604
45,29,1547.38826415
45,30,1306.59378302
45,31,1969.49416981
45,32,1826.8705
45,33,2079.46133962
45,34,3260.27148113
45,35,4597.18554717
45,36,2425.58219811
45,37,3706.49386792
45,38,3435.43472642
45,39,3391.22812264
45,40,1750.97816038
45,41,1672.74770755
45,42,3750.4494434
45,43,2527.17379245
45,44,1988.33067925
45,45,0.0
45,46,1980.55904717
45,47,3094.69580189
45,48,2586.05423585
45,49,2391.13496226
45,50,2673.30413208
45,51,2173.20679245
45,52,2716.06451887
45,53,3918.76466038
45,54,3887.12606604
45,55,2696.51065094
45,56,4414.26862264
45,57,6095.04411321
45,58,6516.77176415
45,59,6898.91285849
45,60,6050.57270755
45,61,6741.15617925
45,62,5086.52066038
45,63,6294.41675472
45,64,7787.21739623
45,65,6568.80837736
45,66,7614.91350943
45,67,5902.79790566
45,68,7951.69734906
45,69,8443.06025472
45,70,7632.40325472
46,0,10091.3804151
46,1,8455.46701887
46,2,7294.8719434
46,3,9580.60113208
46,4,9719.49637736
46,5,7869.99804717
46,6,7105.17562264
46,7,7950.91632075
46,8,5974.76606604
46,9,6810.964
46,10,5425.94804717
46,11,5002.95958491
46,12,4585.44658491
46,13,5787.85909434
46,14,7023.83845283
46,15,7643.6225566
46,16,6394.00741509
46,17,5894.31186792
46,18,5014.36024528
46,19,5269.04182075
46,20,3769.49353774
46,21,4526.23125472
46,22,3980.9885566
46,23,4338.44871698
46,24,5320.15966038
46,25,6841.55089623
46,26,5596.95015094
46,27,4807.0259717
46,28,3681.85168868
46,29,3258.01511321
46,30,2601.11614151
46,31,3825.39720755
46,32,3391.64237736
46,33,2915.43617925
46,34,4094.77381132
46,35,5395.01633019
46,36,3760.70460377
46,37,4329.83365094
46,38,4063.67722642
46,39,4080.98726415
46,40,2637.90653774
46,41,3012.50691509
46,42,3887.61153774
46,43,3280.80959434
46,44,2762.76915094
46,45,1980.55904717
46,46,0.0
46,47,2065.38611321
46,48,1035.51231132
46,49,1940.70896226
46,50,2104.46260377
46,51,2684.01430189
46,52,3791.228
46,53,4982.36325472
46,54,4740.78931132
46,55,2897.24966038
46,56,4171.66749057
46,57,5174.77506604
46,58,5490.14986792
46,59,6025.76071698
46,60,5105.11577358
46,61,5735.54360377
46,62,4458.34872642
46,63,5513.11350943
46,64,6844.41166981
46,65,5453.82174528
46,66,6203.40518868
46,67,4824.65450943
46,68,6801.82428302
46,69,7159.15514151
46,70,6307.12289623
47,0,11914.4154623
47,1,10294.2847736
47,2,9231.03710377
47,3,11540.9008868
47,4,11700.0000849
47,5,9789.38107547
47,6,8867.22582075
47,7,9749.5695
47,8,7513.00081132
47,9,8032.70182075
47,10,6363.49938679
47,11,6079.56693396
47,12,5578.11761321
47,13,6949.51691509
47,14,7853.34937736
47,15,8306.96753774
47,16,7290.2635
47,17,6592.59146226
47,18,5796.68786792
47,19,5704.86834906
47,20,4816.72510377
47,21,5114.57570755
47,22,4599.63554717
47,23,4885.17036792
47,24,6132.57930189
47,25,7565.48683962
47,26,6357.21278302
47,27,6008.89590566
47,28,4632.33145283
47,29,4156.08121698
47,30,3730.04301887
47,31,4914.00524528
47,32,3816.15988679
47,33,3610.07142453
47,34,4657.4105283
47,35,5678.41314151
47,36,4622.82624528
47,37,4704.58141509
47,38,4883.71300943
47,39,4299.0649717
47,40,3184.07
47,41,2989.37072642
47,42,2587.55150943
47,43,2606.43003774
47,44,2663.13759434
47,45,3094.69580189
47,46,2065.38611321
47,47,0.0
47,48,1886.19601887
47,49,3619.42770755
47,50,3092.7150566
47,51,4148.03963208
47,52,5462.62654717
47,53,6480.78228302
47,54,6165.03704717
47,55,4635.63451887
47,56,6162.16216038
47,57,7054.75662264
47,58,7309.05689623
47,59,7902.32721698
47,60,6967.46967925
47,61,7518.22461321
47,62,6434.61625472
47,63,7390.33206604
47,64,8530.7324717
47,65,7016.31290566
47,66,7550.185
47,67,6574.54493396
47,68,8454.8119717
47,69,8632.62232075
47,70,7819.05218868
48,0,10914.8701038
48,1,9300.97930189
48,2,8023.68808491
48,3,10277.256
48,4,10286.5791509
48,5,8312.90515094
48,6,7455.34330189
48,7,8317.72408491
48,8,6284.07642453
48,9,7100.31899057
48,10,5666.12136792
48,11,5482.46896226
48,12,5280.69293396
48,13,6531.22925472
48,14,7878.65396226
48,15,8622.59181132
48,16,7411.67724528
48,17,6895.06330189
48,18,5974.12438679
48,19,6094.35484906
48,20,4506.45906604
48,21,5405.49056604
48,22,4894.3000283
48,23,5300.58828302
48,24,6333.46183962
48,25,7852.71016038
48,26,6598.06519811
48,27,5757.2709717
48,28,4599.92454717
48,29,3993.73315094
48,30,3457.89506604
48,31,4448.05075472
48,32,4036.4515566
48,33,3808.86473585
48,34,5022.35801887
48,35,6298.66292453
48,36,4642.15281132
48,37,5244.72080189
48,38,5055.04708491
48,39,4950.57408491
48,40,3473.07069811
48,41,3385.54606604
48,42,4156.24537736
48,43,3452.52746226
48,44,3368.66514151
48,45,2586.05423585
48,46,1035.51231132
48,47,1886.19601887
48,48,0.0
48,49,1884.58208491
48,50,1514.11575472
48,51,2704.62765094
48,52,4173.2384717
48,53,5121.01934906
48,54,4732.27426415
48,55,3001.17038679
48,56,4418.27916981
48,57,5439.27112264
48,58,5754.94888679
48,59,6283.08566981
48,60,5311.50284906
48,61,5804.67438679
48,62,4717.01420755
48,63,5821.04566981
48,64,7175.56208491
48,65,5691.25040566
48,66,6348.7525
48,67,5010.30060377
48,68,6982.38529245
48,69,7358.04914151
48,70,6500.94613208
49,0,9580.59800943
49,1,8062.0454717
49,2,6567.77780189
49,3,8747.87232075
49,4,8590.80468868
49,5,6516.55401887
49,6,5647.13637736
49,7,6497.36395283
49,8,4615.59845283
49,9,5668.16726415
49,10,4565.59960377
49,11,4463.17081132
49,12,4623.14759434
49,13,5645.9045566
49,14,7388.39548113
49,15,8559.15800943
49,16,7366.15487736
49,17,7002.832
49,18,5896.48737736
49,19,6095.07677358
49,20,3964.78828302
49,21,5424.57949057
49,22,5039.79472642
49,23,5646.22395283
49,24,6428.39383962
49,25,7952.1975283
49,26,6638.39385849
49,27,5258.53864151
49,28,4445.69433019
49,29,3717.09487736
49,30,3284.3544717
49,31,3722.01651887
49,32,4115.90049057
49,33,4063.27827358
49,34,5248.91995283
49,35,6636.62157547
49,36,4502.42090566
49,37,5642.28501887
49,38,5181.3774434
49,39,5443.43780189
49,40,3847.4210566
49,41,3775.74987736
49,42,5439.19061321
49,43,4270.69858491
49,44,4076.68471698
49,45,2391.13496226
49,46,1940.70896226
49,47,3619.42770755
49,48,1884.58208491
49,49,0.0
49,50,1243.35596226
49,51,1177.66699057
49,52,2561.40681132
49,53,3414.68453774
49,54,3041.06208491
49,55,1143.85995283
49,56,2780.04870755
49,57,4462.10048113
49,58,4918.97013208
49,59,5263.5385566
49,60,4315.51463208
49,61,4809.37482075
49,62,3401.80307547
49,63,4788.79145283
49,64,6462.43393396
49,65,5179.10672642
49,66,6149.8445283
49,67,4232.24259434
49,68,6313.20827358
49,69,6972.61781132
49,70,6126.89162264
50,0,10719.416434
50,1,9219.72567925
50,2,7728.32633962
50,3,9903.05786792
50,4,9687.21290566
50,5,7528.55411321
50,6,6513.82448113
50,7,7386.45233019
50,8,5311.61420755
50,9,6137.52867925
50,10,4823.26242453
50,11,4933.99982075
50,12,5154.70260377
50,13,6328.72950943
50,14,8007.31973585
50,15,9223.6414434
50,16,8127.34841509
50,17,7654.46095283
50,18,6506.33978302
50,19,6495.94132075
50,20,4503.87791509
50,21,5887.48192453
50,22,5513.45920755
50,23,6157.55214151
50,24,7112.67746226
50,25,8657.19340566
50,26,7299.39763208
50,27,6039.76624528
50,28,5027.59011321
50,29,4148.39235849
50,30,3818.78814151
50,31,4233.5389434
50,32,4316.34700943
50,33,4469.84622642
50,34,5718.19996226
50,35,7061.63066981
50,36,5028.48229245
50,37,6060.37656604
50,38,5784.21406604
50,39,5768.9545283
50,40,4132.16466981
50,41,3609.4475
50,42,5039.62840566
50,43,3800.13940566
50,44,4036.98020755
50,45,2673.30413208
50,46,2104.46260377
50,47,3092.7150566
50,48,1514.11575472
50,49,1243.35596226
50,50,0.0
50,51,1690.42564151
50,52,3424.24281132
50,53,4003.2585
50,54,3487.99489623
50,55,2122.00416981
50,56,3884.39232075
50,57,5435.87838679
50,58,5854.51279245
50,59,6232.26313208
50,60,5257.88933962
50,61,5638.76851887
50,62,4459.89166981
50,63,5785.42260377
50,64,7369.01774528
50,65,5941.15425472
50,66,6796.37687736
50,67,5086.97841509
50,68,7131.60241509
50,69,7716.51323585
50,70,6875.31600943
51,0,9300.96268868
51,1,7905.87323585
51,2,6337.15329245
51,3,8493.38581132
51,4,8235.63320755
51,5,6022.60983019
51,6,4919.58300943
51,7,5813.30992453
51,8,3656.22366981
51,9,4567.83266981
51,10,3445.06717925
51,11,3503.57857547
51,12,3958.94191509
51,13,4947.84661321
51,14,6861.02810377
51,15,8429.23350943
51,16,7453.80267925
51,17,7062.28825472
51,18,5750.5424717
51,19,5750.11712264
51,20,3440.58677358
51,21,5196.46296226
51,22,4962.74971698
51,23,5786.81196226
51,24,6554.57053774
51,25,8068.14929245
51,26,6655.03082075
51,27,5011.09563208
51,28,4277.04388679
51,29,3324.60651887
51,30,3162.29521698
51,31,3034.17163208
51,32,3762.44611321
51,33,4083.9989717
51,34,5234.58410377
51,35,6604.94983962
51,36,4273.89438679
51,37,5707.53021698
51,38,5264.31516038
51,39,5482.83145283
51,40,3857.51200943
51,41,3453.33040566
51,42,5569.80017925
51,43,4108.66437736
51,44,4072.51812264
51,45,2173.20679245
51,46,2684.01430189
51,47,4148.03963208
51,48,2704.62765094
51,49,1177.66699057
51,50,1690.42564151
51,51,0.0
51,52,1766.51912264
51,53,2427.30681132
51,54,2081.24113208
51,55,901.722339623
51,56,3074.10601887
51,57,5204.11911321
51,58,5716.15723585
51,59,5952.45924528
51,60,5067.21815094
51,61,5555.5815566
51,62,3981.0684434
51,63,5431.77046226
51,64,7181.08407547
51,65,5983.85904717
51,66,7108.11966981
51,67,5054.30110377
51,68,7138.59483019
51,69,7868.62179245
51,70,7059.31301887
52,0,7676.33292453
52,1,6395.73368868
52,2,4790.33113208
52,3,6920.40943396
52,4,6688.33835849
52,5,4515.96025472
52,6,3422.78495283
52,7,4315.02996226
52,8,2214.36012264
52,9,3365.8915283
52,10,2772.78867925
52,11,2499.50224528
52,12,3115.34314151
52,13,3671.01606604
52,14,5785.29408491
52,15,7611.59240566
52,16,6753.08117925
52,17,6504.99034906
52,18,5139.84011321
52,19,5258.94561321
52,20,2842.05312264
52,21,4775.52467925
52,22,4698.30868868
52,23,5587.74248113
52,24,6048.53253774
52,25,7443.26126415
52,26,6067.14926415
52,27,4084.40686792
52,28,3851.38317925
52,29,3091.36665094
52,30,3092.66558491
52,31,2388.03553774
52,32,3819.63578302
52,33,4126.70450943
52,34,5003.99898113
52,35,6301.66759434
52,36,3874.5569434
52,37,5568.94798113
52,38,4942.36296226
52,39,5467.64786792
52,40,4089.12342453
52,41,4061.74301887
52,42,6438.79220755
52,43,5011.51213208
52,44,4620.22259434
52,45,2716.06451887
52,46,3791.228
52,47,5462.62654717
52,48,4173.2384717
52,49,2561.40681132
52,50,3424.24281132
52,51,1766.51912264
52,52,0.0
52,53,1548.5490566
52,54,1848.77124528
52,55,1625.20032075
52,56,2841.82615094
52,57,5205.54291509
52,58,5756.11560377
52,59,5845.53276415
52,60,5142.79304717
52,61,5736.7024717
52,62,3906.39700943
52,63,5272.22176415
52,64,7049.47942453
52,65,6184.47818868
52,66,7485.75833962
52,67,5273.1165
52,68,7233.8080566
52,69,8048.10383962
52,70,7314.08250943
53,0,8205.16207547
53,1,7158.60768868
53,2,5400.46116981
53,3,7235.65695283
53,4,6656.74323585
53,5,4250.31613208
53,6,2792.224
53,7,3692.38986792
53,8,1447.48370755
53,9,2616.86351887
53,10,2532.23072642
53,11,2949.5020566
53,12,4108.61315094
53,13,4480.3485566
53,14,6728.10232075
53,15,8889.70879245
53,16,8177.25707547
53,17,7943.78556604
53,18,6502.00600943
53,19,6434.86767925
53,20,4044.42350943
53,21,6074.83558491
53,22,6085.41600943
53,23,7059.56815094
53,24,7526.58167925
53,25,8886.59557547
53,26,7495.34321698
53,27,5421.30772642
53,28,5246.04361321
53,29,4340.22463208
53,30,4500.23516038
53,31,3456.40538679
53,32,4960.00164151
53,33,5528.84239623
53,34,6410.18042453
53,35,7666.71580189
53,36,5218.43165094
53,37,6986.14533962
53,38,6413.98093396
53,39,6851.79484906
53,40,5436.56464151
53,41,5010.5035283
53,42,7498.19158491
53,43,5863.62590566
53,44,5804.7020283
53,45,3918.76466038
53,46,4982.36325472
53,47,6480.78228302
53,48,5121.01934906
53,49,3414.68453774
53,50,4003.2585
53,51,2427.30681132
53,52,1548.5490566
53,53,0.0
53,54,777.621292453
53,55,2373.57800943
53,56,3461.69822642
53,57,5985.17908491
53,58,6567.37177358
53,59,6526.0920566
53,60,5870.14072642
53,61,6277.70413208
53,62,4627.55954717
53,63,6037.14376415
53,64,7876.60369811
53,65,7045.12749057
53,66,8385.60404717
53,67,6081.20946226
53,68,7965.08900943
53,69,8895.9439434
53,70,8197.39592453
54,0,8866.01650943
54,1,7759.91390566
54,2,5982.92493396
54,3,7832.27182075
54,4,7221.87611321
54,5,4800.69863208
54,6,3409.57539623
54,7,4280.45404717
54,8,2206.03142453
54,9,3230.25427358
54,10,2884.36940566
54,11,3433.47045283
54,12,4534.42065094
54,13,5077.57075472
54,14,7287.98714151
54,15,9356.56413208
54,16,8571.2305283
54,17,8299.95751887
54,18,6872.58554717
54,19,6785.40991509
54,20,4369.04539623
54,21,6386.48283962
54,22,6335.40218868
54,23,7286.9740566
54,24,7852.54239623
54,25,9267.92954717
54,26,7859.05924528
54,27,5868.16333962
54,28,5530.17093396
54,29,4554.65396226
54,30,4650.87700943
54,31,3782.68577358
54,32,5100.90592453
54,33,5666.45887736
54,34,6651.57856604
54,35,7952.76185849
54,36,5500.73800943
54,37,7201.77191509
54,38,6672.9509717
54,39,7031.72318868
54,40,5519.06354717
54,41,4966.72277358
54,42,7366.68366038
54,43,5707.64940566
54,44,5790.60600943
54,45,3887.12606604
54,46,4740.78931132
54,47,6165.03704717
54,48,4732.27426415
54,49,3041.06208491
54,50,3487.99489623
54,51,2081.24113208
54,52,1848.77124528
54,53,777.621292453
54,54,0.0
54,55,2084.33322642
54,56,3384.60480189
54,57,5880.41312264
54,58,6458.05412264
54,59,6447.53207547
54,60,5728.58546226
54,61,6066.47666038
54,62,4527.88632075
54,63,5991.2240283
54,64,7846.66510377
54,65,6900.61503774
54,66,8188.33466981
54,67,5908.88006604
54,68,7826.89353774
54,69,8754.53121698
54,70,8033.83587736
55,0,8793.48859434
55,1,7373.70764151
55,2,5753.1365283
55,3,7871.85243396
55,4,7604.9509434
55,5,5445.4994717
55,6,4520.38084906
55,7,5373.42521698
55,8,3554.07783019
55,9,4749.13085849
55,10,3926.09086792
55,11,3873.88301887
55,12,4290.76566981
55,13,5107.62095283
55,14,7056.68504717
55,15,8504.65896226
55,16,7394.68963208
55,17,7114.05618868
55,18,5908.33492453
55,19,6110.11806604
55,20,3774.6614717
55,21,5496.53784906
55,22,5222.32837736
55,23,5939.35738679
55,24,6565.44993396
55,25,8048.16206604
55,26,6716.75622642
55,27,5046.15612264
55,28,4492.33133962
55,29,3730.36261321
55,30,3443.19133019
55,31,3418.7814434
55,32,4295.69990566
55,33,4383.21757547
55,34,5473.39651887
55,35,6858.17043396
55,36,4545.39186792
55,37,5947.38913208
55,38,5377.70983019
55,39,5799.2025283
55,40,4243.18533019
55,41,4164.26672642
55,42,6185.56601887
55,43,4850.82366981
55,44,4610.0105566
55,45,2696.51065094
55,46,2897.24966038
55,47,4635.63451887
55,48,3001.17038679
55,49,1143.85995283
55,50,2122.00416981
55,51,901.722339623
55,52,1625.20032075
55,53,2373.57800943
55,54,2084.33322642
55,55,0.0
55,56,2180.95666981
55,57,4379.5585
55,58,4911.30762264
55,59,5103.47939623
55,60,4243.47216981
55,61,4735.13325472
55,62,3117.69948113
55,63,4615.68273585
55,64,6426.39708491
55,65,5335.93865094
55,66,6477.93492453
55,67,4313.83116038
55,68,6359.99841509
55,69,7158.33258491
55,70,6357.04612264
56,0,7775.16665094
56,1,6331.36639623
56,2,4679.66239623
56,3,6569.49329245
56,4,6314.19090566
56,5,4499.42136792
56,6,4262.09591509
56,7,4880.53972642
56,8,4208.95006604
56,9,5795.32038679
56,10,5554.24722642
56,11,5299.24639623
56,12,5574.89224528
56,13,5991.37913208
56,14,7856.85433962
56,15,8944.42050943
56,16,7568.58227358
56,17,7571.58840566
56,18,6685.90383019
56,19,7291.94780189
56,20,5110.16801887
56,21,6596.49436792
56,22,6262.22443396
56,23,6699.50987736
56,24,6965.53538679
56,25,8287.84793396
56,26,7224.23296226
56,27,5647.76058491
56,28,5519.53030189
56,29,5183.584
56,30,4722.58448113
56,31,4890.48075472
56,32,5903.86608491
56,33,5572.39941509
56,34,6443.44527358
56,35,7766.94466038
56,36,5666.40582075
56,37,6879.70572642
56,38,6096.36420755
56,39,6899.55383962
56,40,5591.86701887
56,41,6039.15441509
56,42,7818.26839623
56,43,6733.28223585
56,44,6163.27819811
56,45,4414.26862264
56,46,4171.66749057
56,47,6162.16216038
56,48,4418.27916981
56,49,2780.04870755
56,50,3884.39232075
56,51,3074.10601887
56,52,2841.82615094
56,53,3461.69822642
56,54,3384.60480189
56,55,2180.95666981
56,56,0.0
56,57,2524.75389623
56,58,3108.59407547
56,59,3108.13989623
56,60,2418.94628302
56,61,2924.20918868
56,62,1166.97317925
56,63,2816.91775472
56,64,4774.80890566
56,65,4157.72512264
56,66,5257.40601887
56,67,2897.26707547
56,68,4630.69166038
56,69,5629.98613208
56,70,4894.03763208
57,0,8340.01950943
57,1,6791.72414151
57,2,5577.51861321
57,3,7138.58983019
57,4,7171.12534906
57,5,6067.29765094
57,6,6383.76921698
57,7,6803.54772642
57,8,6637.45561321
57,9,8242.18825472
57,10,7965.70548113
57,11,7536.09940566
57,12,7467.9939434
57,13,7853.51382075
57,14,9357.18367925
57,15,9704.2950566
57,16,7999.30957547
57,17,8173.66261321
57,18,7770.86418868
57,19,8699.8090283
57,20,6900.50573585
57,21,7896.71092453
57,22,7408.32883962
57,23,7430.79348113
57,24,7509.37066981
57,25,8643.32108491
57,26,7939.53075472
57,27,6914.72234906
57,28,6841.50799057
57,29,6864.59357547
57,30,6182.35070755
57,31,6865.98933962
57,32,7528.98899057
57,33,6758.74032075
57,34,7474.42942453
57,35,8673.89584906
57,36,7062.35100943
57,37,7761.19983962
57,38,6950.45728302
57,39,7879.96189623
57,40,6844.45371698
57,41,7700.07089623
57,42,8891.62793396
57,43,8241.40488679
57,44,7451.17666981
57,45,6095.04411321
57,46,5174.77506604
57,47,7054.75662264
57,48,5439.27112264
57,49,4462.10048113
57,50,5435.87838679
57,51,5204.11911321
57,52,5205.54291509
57,53,5985.17908491
57,54,5880.41312264
57,55,4379.5585
57,56,2524.75389623
57,57,0.0
57,58,588.184754717
57,59,895.754811321
57,60,380.120132075
57,61,1174.3740283
57,62,1359.29015094
57,63,1489.73489623
57,64,3031.14699057
57,65,2961.31776415
57,66,3409.24680189
57,67,1642.31338679
57,68,2461.4425
57,69,3500.32286792
57,70,2751.90799057
58,0,8587.0670566
58,1,7030.97708491
58,2,5933.30834906
58,3,7417.15685849
58,4,7516.93072642
58,5,6548.14974528
58,6,6934.03810377
58,7,7328.7034434
58,8,7212.01285849
58,9,8812.89283019
58,10,8516.36851887
58,11,8055.94553774
58,12,7923.57186792
58,13,8310.26185849
58,14,9732.64424528
58,15,9919.88574528
58,16,8160.27580189
58,17,8363.46829245
58,18,8066.2629434
58,19,9048.23031132
58,20,7338.74425472
58,21,8230.06868868
58,22,7714.7094717
58,23,7650.72949057
58,24,7694.50238679
58,25,8775.8624717
58,26,8156.65190566
58,27,7262.84245283
58,28,7191.81750943
58,29,7279.87193396
58,30,6564.78720755
58,31,7337.89648113
58,32,7925.01828302
58,33,7079.25320755
58,34,7756.73687736
58,35,8917.58821698
58,36,7424.16837736
58,37,8008.02118868
58,38,7205.94986792
58,39,8143.27419811
58,40,7175.01257547
58,41,8099.49599057
58,42,9159.20114151
58,43,8606.21319811
58,44,7779.74841509
58,45,6516.77176415
58,46,5490.14986792
58,47,7309.05689623
58,48,5754.94888679
58,49,4918.97013208
58,50,5854.51279245
58,51,5716.15723585
58,52,5756.11560377
58,53,6567.37177358
58,54,6458.05412264
58,55,4911.30762264
58,56,3108.59407547
58,57,588.184754717
58,58,0.0
58,59,824.179122642
58,60,809.715207547
58,61,1280.36183019
58,62,1942.41878302
58,63,1660.52483019
58,64,2812.62124528
58,65,2918.35012264
58,66,3094.96841509
58,67,1769.32014151
58,68,2095.44011321
58,69,3089.85915094
58,70,2345.73612264
59,0,8292.13177358
59,1,6824.43572642
59,2,5675.74513208
59,3,6990.53369811
59,4,6999.56223585
59,5,6120.40943396
59,6,6630.97686792
59,7,6947.91408491
59,8,7091.87909434
59,9,8733.69017925
59,10,8599.5320283
59,11,8178.04009434
59,12,8145.83022642
59,13,8429.31607547
59,14,9923.01867925
59,15,10230.6278679
59,16,8515.19954717
59,17,8770.19377358
59,18,8427.52918868
59,19,9402.17004717
59,20,7616.89475472
59,21,8609.08893396
59,22,8137.46879245
59,23,8133.00917925
59,24,8116.71326415
59,25,9170.68142453
59,26,8549.06459434
59,27,7530.16309434
59,28,7562.12351887
59,29,7620.91816981
59,30,6954.23285849
59,31,7576.22815094
59,32,8311.3154434
59,33,7533.58611321
59,34,8195.77733019
59,35,9361.18740566
59,36,7786.19224528
59,37,8481.39276415
59,38,7644.16224528
59,39,8631.68496226
59,40,7641.51642453
59,41,8517.15276415
59,42,9724.4505566
59,43,9069.92333962
59,44,8263.55571698
59,45,6898.91285849
59,46,6025.76071698
59,47,7902.32721698
59,48,6283.08566981
59,49,5263.5385566
59,50,6232.26313208
59,51,5952.45924528
59,52,5845.53276415
59,53,6526.0920566
59,54,6447.53207547
59,55,5103.47939623
59,56,3108.13989623
59,57,895.754811321
59,58,824.179122642
59,59,0.0
59,60,1031.69558491
59,61,1172.06785849
59,62,2008.41507547
59,63,1613.0065566
59,64,2815.72819811
59,65,3193.47649057
59,66,3509.6589717
59,67,2087.69561321
59,68,2132.88033019
59,69,3297.84408491
59,70,2719.26716981
60,0,8552.86900943
60,1,7017.82707547
60,2,5744.79022642
60,3,7317.5620566
60,4,7286.14666981
60,5,6097.82831132
60,6,6354.03204717
60,7,6790.60198113
60,8,6577.71975472
60,9,8182.64606604
60,10,7890.27974528
60,11,7512.39090566
60,12,7493.08018868
60,13,7913.44853774
60,14,9466.50480189
60,15,9882.37441509
60,16,8195.08971698
60,17,8341.31817925
60,18,7889.09258491
60,19,8774.32221698
60,20,6920.86263208
60,21,7974.36016038
60,22,7485.8684717
60,23,7545.83503774
60,24,7675.17135849
60,25,8843.44359434
60,26,8097.33323585
60,27,7030.87607547
60,28,6910.65428302
60,29,6875.02339623
60,30,6203.31088679
60,31,6860.92
60,32,7527.86049057
60,33,6802.52781132
60,34,7563.27643396
60,35,8787.63078302
60,36,7122.12922642
60,37,7857.11518868
60,38,7064.75532075
60,39,7956.67983962
60,40,6867.34233962
60,41,7651.60280189
60,42,8863.34206604
60,43,8175.81869811
60,44,7442.90672642
60,45,6050.57270755
60,46,5105.11577358
60,47,6967.46967925
60,48,5311.50284906
60,49,4315.51463208
60,50,5257.88933962
60,51,5067.21815094
60,52,5142.79304717
60,53,5870.14072642
60,54,5728.58546226
60,55,4243.47216981
60,56,2418.94628302
60,57,380.120132075
60,58,809.715207547
60,59,1031.69558491
60,60,0.0
60,61,953.148801887
60,62,1271.68007547
60,63,1555.94163208
60,64,3154.68550943
60,65,2950.76151887
60,66,3427.83314151
60,67,1559.90745283
60,68,2519.77510377
60,69,3590.40884906
60,70,2830.39374528
61,0,9179.38363208
61,1,7720.35688679
61,2,6398.25824528
61,3,7806.78013208
61,4,7634.17563208
61,5,6453.60216981
61,6,6732.52860377
61,7,7122.88983019
61,8,7046.54937736
61,9,8673.84533019
61,10,8439.74
61,11,8177.7204717
61,12,8269.40112264
61,13,8698.49764151
61,14,10326.9377547
61,15,10807.7737358
61,16,9124.3275566
61,17,9273.25932075
61,18,8793.89676415
61,19,9636.64350943
61,20,7706.33653774
61,21,8842.92086792
61,22,8358.54467925
61,23,8444.83734906
61,24,8607.09666981
61,25,9781.31819811
61,26,9027.8625566
61,27,7922.09934906
61,28,7771.48909434
61,29,7656.96883019
61,30,7006.23135849
61,31,7598.62273585
61,32,8292.61193396
61,33,7630.96620755
61,34,8439.71093396
61,35,9682.4170283
61,36,7967.74296226
61,37,8734.2524434
61,38,7961.803
61,39,8813.82418868
61,40,7662.00048113
61,41,8325.67408491
61,42,9527.93485849
61,43,8793.12516038
61,44,8172.13787736
61,45,6741.15617925
61,46,5735.54360377
61,47,7518.22461321
61,48,5804.67438679
61,49,4809.37482075
61,50,5638.76851887
61,51,5555.5815566
61,52,5736.7024717
61,53,6277.70413208
61,54,6066.47666038
61,55,4735.13325472
61,56,2924.20918868
61,57,1174.3740283
61,58,1280.36183019
61,59,1172.06785849
61,60,953.148801887
61,61,0.0
61,62,1905.7325283
61,63,1804.48903774
61,64,3214.9255283
61,65,3032.83343396
61,66,3417.01169811
61,67,1717.68622642
61,68,2306.70784906
61,69,3501.73925472
61,70,2838.59220755
62,0,7977.91986792
62,1,6459.44120755
62,2,4991.30174528
62,3,6761.2509717
62,4,6644.82062264
62,5,5163.07907547
62,6,5220.61392453
62,7,5738.43143396
62,8,5330.04433962
62,9,6926.08258491
62,10,6654.4504434
62,11,6304.9260566
62,12,6393.30801887
62,13,6805.4534717
62,14,8496.22241509
62,15,9222.31812264
62,16,7671.46211321
62,17,7752.81031132
62,18,7094.35506604
62,19,7867.92680189
62,20,5864.56023585
62,21,7109.17620755
62,22,6689.2045566
62,23,6924.04474528
62,24,7109.18833962
62,25,8361.43210377
62,26,7456.54719811
62,27,6140.10983962
62,28,6028.63383962
62,29,5875.00411321
62,30,5285.35985849
62,31,5743.94208491
62,32,6570.3220283
62,33,6004.57184906
62,34,6814.60289623
62,35,8094.08042453
62,36,6216.27675472
62,37,7180.56312264
62,38,6374.90857547
62,39,7247.70915094
62,40,6056.41933962
62,41,6719.8980566
62,42,8209.97233019
62,43,7337.21725472
62,44,6651.20722642
62,45,5086.52066038
62,46,4458.34872642
62,47,6434.61625472
62,48,4717.01420755
62,49,3401.80307547
62,50,4459.89166981
62,51,3981.0684434
62,52,3906.39700943
62,53,4627.55954717
62,54,4527.88632075
62,55,3117.69948113
62,56,1166.97317925
62,57,1359.29015094
62,58,1942.41878302
62,59,2008.41507547
62,60,1271.68007547
62,61,1905.7325283
62,62,0.0
62,63,1935.34900943
62,64,3870.45409434
62,65,3419.66672642
62,66,4304.69233019
62,67,2027.94443396
62,68,3570.65012264
62,69,4592.45125472
62,70,3837.51962264
63,0,7993.0360566
63,1,6466.19177358
63,2,5306.4270283
63,3,6823.36828302
63,4,6894.97129245
63,5,5879.12709434
63,6,6257.21207547
63,7,6635.06166038
63,8,6583.6150566
63,9,8170.51817925
63,10,7973.06316038
63,11,7509.41428302
63,12,7417.55159434
63,13,7716.54232075
63,14,9176.74172642
63,15,9509.78933962
63,16,7820.18033962
63,17,8059.71080189
63,18,7682.40979245
63,19,8647.31122642
63,20,6898.20688679
63,21,7863.09496226
63,22,7397.47664151
63,23,7412.40065094
63,24,7409.21446226
63,25,8500.27078302
63,26,7827.84899057
63,27,6795.17741509
63,28,6825.63988679
63,29,6907.16719811
63,30,6244.54809434
63,31,6877.23029245
63,32,7589.62328302
63,33,6809.07759434
63,34,7450.31757547
63,35,8616.42372642
63,36,7038.61254717
63,37,7745.56551887
63,38,6911.73410377
63,39,7930.1824717
63,40,6975.26680189
63,41,7890.4405566
63,42,9183.90140566
63,43,8535.38724528
63,44,7674.25825472
63,45,6294.41675472
63,46,5513.11350943
63,47,7390.33206604
63,48,5821.04566981
63,49,4788.79145283
63,50,5785.42260377
63,51,5431.77046226
63,52,5272.22176415
63,53,6037.14376415
63,54,5991.2240283
63,55,4615.68273585
63,56,2816.91775472
63,57,1489.73489623
63,58,1660.52483019
63,59,1613.0065566
63,60,1555.94163208
63,61,1804.48903774
63,62,1935.34900943
63,63,0.0
63,64,1978.92868868
63,65,1987.76929245
63,66,2990.60589623
63,67,1236.85284906
63,68,2252.62098113
63,69,3278.23925472
63,70,2823.22823585
64,0,8663.66482075
64,1,7173.37287736
64,2,6444.70396226
64,3,7663.91380189
64,4,7948.53900943
64,5,7370.46299057
64,6,7938.67223585
64,7,8223.90732075
64,8,8347.08130189
64,9,9886.71629245
64,10,9677.10066038
64,11,9117.88779245
64,12,8838.0839717
64,13,9087.61716038
64,14,10256.3851509
64,15,10094.4008113
64,16,8280.74882075
64,17,8647.9689717
64,18,8614.35090566
64,19,9737.24579245
64,20,8309.9909434
64,21,8938.28428302
64,22,8423.44271698
64,23,8181.45563208
64,24,8009.45695283
64,25,8880.89639623
64,26,8505.83778302
64,27,7887.31276415
64,28,7987.83476415
64,29,8282.15706604
64,30,7560.74283019
64,31,8388.4895
64,32,8910.72648113
64,33,7934.29436792
64,34,8397.89739623
64,35,9400.48534906
64,36,8223.84940566
64,37,8590.06580189
64,38,7787.70327358
64,39,8863.70065094
64,40,8173.16174528
64,41,9295.84963208
64,42,10289.0772642
64,43,9906.74732075
64,44,8911.23035849
64,45,7787.21739623
64,46,6844.41166981
64,47,8530.7324717
64,48,7175.56208491
64,49,6462.43393396
64,50,7369.01774528
64,51,7181.08407547
64,52,7049.47942453
64,53,7876.60369811
64,54,7846.66510377
64,55,6426.39708491
64,56,4774.80890566
64,57,3031.14699057
64,58,2812.62124528
64,59,2815.72819811
64,60,3154.68550943
64,61,3214.9255283
64,62,3870.45409434
64,63,1978.92868868
64,64,0.0
64,65,1815.6739717
64,66,2199.77989623
64,67,2447.78213208
64,68,1685.92608491
64,69,2248.41677358
64,70,2442.36265094
65,0,9390.96799057
65,1,7804.48312264
65,2,6827.26979245
65,3,8434.44882075
65,4,8597.27675472
65,5,7523.00011321
65,6,7700.12254717
65,7,8157.44815094
65,8,7742.18311321
65,9,9193.70532075
65,10,8715.67278302
65,11,8245.41931132
65,12,7971.98380189
65,13,8474.65120755
65,14,9729.90145283
65,15,9738.84401887
65,16,7954.84262264
65,17,8099.96318868
65,18,7889.91253774
65,19,8861.21861321
65,20,7358.88803774
65,21,8039.56649057
65,22,7475.47893396
65,23,7308.91276415
65,24,7427.19400943
65,25,8531.83669811
65,26,7922.781
65,27,7270.20796226
65,28,7067.35911321
65,29,7224.11832075
65,30,6475.02757547
65,31,7419.95903774
65,32,7757.84724528
65,33,6831.53299057
65,34,7464.67429245
65,35,8572.74787736
65,36,7279.99467925
65,37,7648.65437736
65,38,6936.19431132
65,39,7837.28776415
65,40,7006.13753774
65,41,7999.50595283
65,42,8916.54024528
65,43,8538.80677358
65,44,7653.71937736
65,45,6568.80837736
65,46,5453.82174528
65,47,7016.31290566
65,48,5691.25040566
65,49,5179.10672642
65,50,5941.15425472
65,51,5983.85904717
65,52,6184.47818868
65,53,7045.12749057
65,54,6900.61503774
65,55,5335.93865094
65,56,4157.72512264
65,57,2961.31776415
65,58,2918.35012264
65,59,3193.47649057
65,60,2950.76151887
65,61,3032.83343396
65,62,3419.66672642
65,63,1987.76929245
65,64,1815.6739717
65,65,0.0
65,66,1685.2670283
65,67,1566.83416981
65,68,2457.78092453
65,69,2813.38121698
65,70,2568.34843396
66,0,10458.365066
66,1,8857.8385
66,2,8018.78281132
66,3,9512.73310377
66,4,9749.40141509
66,5,8827.97828302
66,6,9092.77612264
66,7,9535.588
66,8,9151.69879245
66,9,10631.5641321
66,10,10072.8311415
66,11,9592.57073585
66,12,9248.67351887
66,13,9808.45509434
66,14,10953.7459151
66,15,10666.718566
66,16,8803.70499057
66,17,8965.58393396
66,18,8943.31060377
66,19,9956.34031132
66,20,8582.18419811
66,21,9109.81048113
66,22,8489.72953774
66,23,8172.02995283
66,24,8296.38687736
66,25,9292.36865094
66,26,8848.84496226
66,27,8451.69664151
66,28,8176.14151887
66,29,8378.00441509
66,30,7575.48215094
66,31,8678.16301887
66,32,8845.953
66,33,7824.5350566
66,34,8437.43385849
66,35,9466.06826415
66,36,8397.75749057
66,37,8533.49478302
66,38,7901.25123585
66,39,8711.48933962
66,40,7957.65983019
66,41,8983.58277358
66,42,9536.41772642
66,43,9368.31528302
66,44,8505.7685283
66,45,7614.91350943
66,46,6203.40518868
66,47,7550.185
66,48,6348.7525
66,49,6149.8445283
66,50,6796.37687736
66,51,7108.11966981
66,52,7485.75833962
66,53,8385.60404717
66,54,8188.33466981
66,55,6477.93492453
66,56,5257.40601887
66,57,3409.24680189
66,58,3094.96841509
66,59,3509.6589717
66,60,3427.83314151
66,61,3417.01169811
66,62,4304.69233019
66,63,2990.60589623
66,64,2199.77989623
66,65,1685.2670283
66,66,0.0
66,67,2403.92198113
66,68,2095.06258491
66,69,1749.7220566
66,70,1723.82368868
67,0,8969.26681132
67,1,7385.84856604
67,2,6186.67857547
67,3,7862.7825283
67,4,7902.16465094
67,5,6659.12972642
67,6,6790.66959434
67,7,7279.44762264
67,8,6846.16751887
67,9,8375.7980566
67,10,7939.91114151
67,11,7540.33372642
67,12,7420.75624528
67,13,7931.00132075
67,14,9390.82185849
67,15,9690.19449057
67,16,7976.74104717
67,17,8090.15024528
67,18,7682.31283962
67,19,8564.61548113
67,20,6810.79092453
67,21,7751.37835849
67,22,7224.8259717
67,23,7227.83924528
67,24,7418.1864434
67,25,8610.72277358
67,26,7863.60365094
67,27,6930.75953774
67,28,6711.23156604
67,29,6707.98567925
67,30,5995.38427358
67,31,6792.94780189
67,32,7296.11193396
67,33,6508.17519811
67,34,7268.33863208
67,35,8475.70721698
67,36,6908.27088679
67,37,7518.15741509
67,38,6783.79256604
67,39,7646.79901887
67,40,6608.20120755
67,41,7438.3625283
67,42,8540.44773585
67,43,7961.87873585
67,44,7195.85503774
67,45,5902.79790566
67,46,4824.65450943
67,47,6574.54493396
67,48,5010.30060377
67,49,4232.24259434
67,50,5086.97841509
67,51,5054.30110377
67,52,5273.1165
67,53,6081.20946226
67,54,5908.88006604
67,55,4313.83116038
67,56,2897.26707547
67,57,1642.31338679
67,58,1769.32014151
67,59,2087.69561321
67,60,1559.90745283
67,61,1717.68622642
67,62,2027.94443396
67,63,1236.85284906
67,64,2447.78213208
67,65,1566.83416981
67,66,2403.92198113
67,67,0.0
67,68,2206.27779245
67,69,3006.26339623
67,70,2385.13858491
68,0,9455.91972642
68,1,7982.28739623
68,2,7070.86370755
68,3,8270.91340566
68,4,8392.96806604
68,5,7682.49188679
68,6,8201.32848113
68,7,8510.46380189
68,8,8600.05451887
68,9,10204.3943396
68,10,9950.96408491
68,11,9506.81310377
68,12,9343.53882075
68,13,9697.9270566
68,14,11017.0658868
68,15,10980.7032925
68,16,9163.98816038
68,17,9465.53611321
68,18,9327.64159434
68,19,10366.7599717
68,20,8764.43916038
68,21,9546.53298113
68,22,9007.95507547
68,23,8830.18156604
68,24,8810.07641509
68,25,9777.4394717
68,26,9309.17895283
68,27,8593.42362264
68,28,8545.80017925
68,29,8692.81722642
68,30,7958.43945283
68,31,8787.96776415
68,32,9299.46750943
68,33,8386.74623585
68,34,9000.41948113
68,35,10084.6620377
68,36,8763.28178302
68,37,9184.78624528
68,38,8432.29883962
68,39,9392.23695283
68,40,8525.821
68,41,9486.91604717
68,42,10391.0917075
68,43,9955.30996226
68,44,9120.10213208
68,45,7951.69734906
68,46,6801.82428302
68,47,8454.8119717
68,48,6982.38529245
68,49,6313.20827358
68,50,7131.60241509
68,51,7138.59483019
68,52,7233.8080566
68,53,7965.08900943
68,54,7826.89353774
68,55,6359.99841509
68,56,4630.69166038
68,57,2461.4425
68,58,2095.44011321
68,59,2132.88033019
68,60,2519.77510377
68,61,2306.70784906
68,62,3570.65012264
68,63,2252.62098113
68,64,1685.92608491
68,65,2457.78092453
68,66,2095.06258491
68,67,2206.27779245
68,68,0.0
68,69,1500.07439623
68,70,1471.08666981
69,0,10102.8355
69,1,8594.18108491
69,2,7874.70668868
69,3,9088.77616038
69,4,9357.80360377
69,5,8737.55935849
69,6,9240.14698113
69,7,9571.49333962
69,8,9540.94634906
69,9,11092.2903679
69,10,10718.4854717
69,11,10203.370283
69,12,9891.21165094
69,13,10294.1365094
69,14,11429.4731981
69,15,11095.3835377
69,16,9223.30317925
69,17,9529.11168868
69,18,9571.33693396
69,19,10664.9141887
69,20,9274.5575
69,21,9831.45913208
69,22,9252.67966038
69,23,8925.28018868
69,24,8885.65849057
69,25,9763.69564151
69,26,9428.96395283
69,27,8987.52033962
69,28,8893.46530189
69,29,9147.95535849
69,30,8362.79558491
69,31,9366.21046226
69,32,9682.80757547
69,33,8649.25579245
69,34,9185.04377358
69,35,10175.5165189
69,36,9110.75326415
69,37,9293.01687736
69,38,8607.64474528
69,39,9533.78439623
69,40,8815.27216038
69,41,9887.4645566
69,42,10524.3918679
69,43,10298.603283
69,44,9399.9475566
69,45,8443.06025472
69,46,7159.15514151
69,47,8632.62232075
69,48,7358.04914151
69,49,6972.61781132
69,50,7716.51323585
69,51,7868.62179245
69,52,8048.10383962
69,53,8895.9439434
69,54,8754.53121698
69,55,7158.33258491
69,56,5629.98613208
69,57,3500.32286792
69,58,3089.85915094
69,59,3297.84408491
69,60,3590.40884906
69,61,3501.73925472
69,62,4592.45125472
69,63,3278.23925472
69,64,2248.41677358
69,65,2813.38121698
69,66,1749.7220566
69,67,3006.26339623
69,68,1500.07439623
69,69,0.0
69,70,1321.88111321
70,0,9882.02039623
70,1,8313.24799057
70,2,7485.23975472
70,3,8868.83696226
70,4,9109.45366981
70,5,8315.18725472
70,6,8709.05583962
70,7,9101.94023585
70,8,8902.6649434
70,9,10444.5199811
70,10,9995.72337736
70,11,9496.6255
70,12,9197.25431132
70,13,9670.49292453
70,14,10866.8004717
70,15,10641.7253113
70,16,8781.95488679
70,17,9002.70117925
70,18,8957.51741509
70,19,10004.9934717
70,20,8553.34942453
70,21,9161.27050943
70,22,8573.72880189
70,23,8294.49059434
70,24,8341.03630189
70,25,9310.24904717
70,26,8877.35073585
70,27,8369.47433019
70,28,8198.09336792
70,29,8401.69888679
70,30,7608.88893396
70,31,8631.51635849
70,32,8928.22393396
70,33,7919.74011321
70,34,8523.48482075
70,35,9571.91640566
70,36,8418.13379245
70,37,8653.36317925
70,38,7966.3204717
70,39,8844.13825472
70,40,8048.71543396
70,41,9079.89053774
70,42,9729.68821698
70,43,9471.91699057
70,44,8607.20519811
70,45,7632.40325472
70,46,6307.12289623
70,47,7819.05218868
70,48,6500.94613208
70,49,6126.89162264
70,50,6875.31600943
70,51,7059.31301887
70,52,7314.08250943
70,53,8197.39592453
70,54,8033.83587736
70,55,6357.04612264
70,56,4894.03763208
70,57,2751.90799057
70,58,2345.73612264
70,59,2719.26716981
70,60,2830.39374528
70,61,2838.59220755
70,62,3837.51962264
70,63,2823.22823585
70,64,2442.36265094
70,65,2568.34843396
70,66,1723.82368868
70,67,2385.13858491
70,68,1471.08666981
70,69,1321.88111321
70,70,0.0
